MatLab_Code/mc_g.grd
DSAA
201 201
0 20000
0 20000
-1.72632 2.99095
[rows 0 to 27 of 201, columns 126 to 188 of 201]
0.0128612 0.0106494 0.00849882 0.00641161 0.0043897 0.0024348 0.000548385 -0.00126828 -0.00301415 -0.0046884 -0.00629041 -0.00781978 -0.00927631 -0.01066 -0.0119711 -0.0132099 -0.0143771 -0.0154734 -0.0164997 -0.0174571 -0.0183467 -0.0191701 -0.0199285 -0.0206237 -0.0212572 -0.021831 -0.0223469 -0.0228067 -0.0232126 -0.0235665 -0.0238706 -0.0241269 -0.0243376 -0.0245048 -0.0246307 -0.0247173 -0.0247668 -0.0247812 -0.0247627 -0.0247132 -0.0246346 -0.024529 -0.0243981 -0.0242438 -0.0240679 -0.023872 -0.0236578 -0.0234268 -0.0231806 -0.0229205 -0.022648 -0.0223642 -0.0220706 -0.0217682 -0.0214581 -0.0211414 -0.020819 -0.020492 -0.0201611 -0.0198271 -0.0194908 -0.019153 -0.0188142
0.0123372 0.0100104 0.00774972 0.00555738 0.00343541 0.00138561 -0.000590482 -0.00249154 -0.00431648 -0.00606446 -0.00773488 -0.00932736 -0.0108417 -0.012278 -0.0136366 -0.0149179 -0.0161225 -0.0172514 -0.0183056 -0.0192863 -0.0201949 -0.0210329 -0.0218019 -0.0225036 -0.0231401 -0.0237132 -0.024225 -0.0246777 -0.0250733 -0.0254143 -0.0257028 -0.0259411 -0.0261317 -0.0262767 -0.0263785 -0.0264394 -0.0264617 -0.0264477 -0.0263995 -0.0263193 -0.0262093 -0.0260714 -0.0259077 -0.0257202 -0.0255107 -0.0252809 -0.0250327 -0.0247677 -0.0244875 -0.0241936 -0.0238874 -0.0235704 -0.0232437 -0.0229086 -0.0225663 -0.0222179 -0.0218643 -0.0215065 -0.0211455 -0.020782 -0.0204168 -0.0200507 -0.0196842
0.0117345 0.00928589 0.00690858 0.004605 0.00237729 0.000227332 -0.00184325 -0.00383308 -0.00574105 -0.0075663 -0.00930823 -0.0109665 -0.0125409 -0.0140317 -0.0154392 -0.016764 -0.0180068 -0.0191687 -0.0202508 -0.0212545 -0.0221813 -0.023033 -0.0238113 -0.0245182 -0.0251558 -0.0257263 -0.0262319 -0.026675 -0.027058 -0.0273833 -0.0276535 -0.027871 -0.0280384 -0.0281581 -0.0282328 -0.0282649 -0.0282569 -0.0282111 -0.0281301 -0.028016 -0.0278713 -0.027698 -0.0274984 -0.0272745 -0.0270284 -0.0267618 -0.0264768 -0.0261749 -0.025858 -0.0255275 -0.0251851 -0.0248321 -0.0244699 -0.0240998 -0.023723 -0.0233406 -0.0229536 -0.0225631 -0.02217 -0.0217751 -0.0213792 -0.020983 -0.0205872
0.0110454 0.00846752 0.00596664 0.00354532 0.00120583 -0.00104986 -0.00322004 -0.00530327 -0.00729843 -0.00920465 -0.0110213 -0.0127481 -0.014385 -0.0159322 -0.01739 -0.0187593 -0.0200409 -0.021236 -0.0223459 -0.0233721 -0.0243164 -0.0251806 -0.0259668 -0.0266771 -0.0273139 -0.0278796 -0.0283766 -0.0288075 -0.029175 -0.0294817 -0.0297305 -0.029924 -0.0300649 -0.030156 -0.0302002 -0.0301999 -0.030158 -0.0300771 -0.0299597 -0.0298083 -0.0296254 -0.0294133 -0.0291744 -0.0289109 -0.0286248 -0.0283182 -0.0279931 -0.0276514 -0.0272947 -0.0269249 -0.0265434 -0.0261518 -0.0257515 -0.0253438 -0.0249301 -0.0245113 -0.0240887 -0.0236633 -0.023236 -0.0228076 -0.0223791 -0.021951 -0.0215242
0.0102612 0.00754617 0.00491431 0.00236833 -8.93661E-005 -0.0024567 -0.00473187 -0.00691341 -0.00900014 -0.0109912 -0.012886 -0.0146842 -0.0163859 -0.0179913 -0.019501 -0.0209158 -0.0222367 -0.0234651 -0.0246025 -0.0256506 -0.0266112 -0.0274866 -0.028279 -0.0289908 -0.0296245 -0.0301828 -0.0306685 -0.0310843 -0.0314332 -0.0317181 -0.031942 -0.0321079 -0.0322188 -0.0322776 -0.0322874 -0.0322511 -0.0321715 -0.0320516 -0.031894 -0.0317014 -0.0314766 -0.0312221 -0.0309402 -0.0306333 -0.0303038 -0.0299538 -0.0295853 -0.0292004 -0.0288008 -0.0283885 -0.0279649 -0.0275318 -0.0270906 -0.0266427 -0.0261894 -0.0257318 -0.0252712 -0.0248085 -0.0243448 -0.0238809 -0.0234177 -0.0229558 -0.0224961
0.00937255 0.00651189 0.00374112 0.00106311 -0.00151963 -0.00400488 -0.00639078 -0.00867578 -0.0108587 -0.0129386 -0.014915 -0.0167876 -0.0185565 -0.0202221 -0.0217851 -0.0232463 -0.024607 -0.0258687 -0.0270331 -0.0281022 -0.029078 -0.029963 -0.0307596 -0.0314705 -0.0320986 -0.0326467 -0.0331179 -0.0335154 -0.0338422 -0.0341016 -0.0342969 -0.0344313 -0.0345081 -0.0345305 -0.0345019 -0.0344253 -0.0343039 -0.0341407 -0.0339388 -0.033701 -0.0334302 -0.0331291 -0.0328002 -0.0324462 -0.0320695 -0.0316723 -0.0312568 -0.0308252 -0.0303793 -0.0299211 -0.0294524 -0.0289746 -0.0284895 -0.0279985 -0.0275028 -0.0270038 -0.0265026 -0.0260003 -0.0254979 -0.0249962 -0.0244962 -0.0239985 -0.0235039
0.00836905 0.00535375 0.00243563 -0.000382285 -0.00309732 -0.00570716 -0.00820984 -0.0106038 -0.0128877 -0.0150608 -0.0171224 -0.0190725 -0.0209111 -0.0226388 -0.0242563 -0.0257648 -0.0271656 -0.0284605 -0.0296513 -0.0307402 -0.0317297 -0.0326223 -0.0334209 -0.0341284 -0.0347479 -0.0352826 -0.035736 -0.0361113 -0.0364121 -0.036642 -0.0368044 -0.036903 -0.0369414 -0.036923 -0.0368513 -0.0367299 -0.0365621 -0.0363512 -0.0361004 -0.0358128 -0.0354916 -0.0351395 -0.0347595 -0.0343541 -0.033926 -0.0334776 -0.0330113 -0.0325291 -0.0320333 -0.0315258 -0.0310084 -0.0304828 -0.0299506 -0.0294134 -0.0288725 -0.0283292 -0.0277848 -0.0272402 -0.0266966 -0.0261549 -0.0256158 -0.0250801 -0.0245486
0.00723941 0.00405983 0.000985333 -0.00198087 -0.00483595 -0.00757746 -0.0102033 -0.012712 -0.015102 -0.0173726 -0.0195233 -0.021554 -0.0234649 -0.0252565 -0.02693 -0.0284864 -0.0299275 -0.0312552 -0.0324715 -0.033579 -0.0345804 -0.0354785 -0.0362764 -0.0369774 -0.037585 -0.0381028 -0.0385343 -0.0388835 -0.039154 -0.0393498 -0.0394747 -0.0395328 -0.0395278 -0.0394635 -0.0393439 -0.0391727 -0.0389534 -0.0386898 -0.0383852 -0.038043 -0.0376665 -0.0372588 -0.0368229 -0.0363616 -0.0358778 -0.0353739 -0.0348525 -0.0343158 -0.0337661 -0.0332055 -0.0326357 -0.0320587 -0.0314762 -0.0308895 -0.0303003 -0.0297098 -0.0291193 -0.0285298 -0.0279424 -0.0273581 -0.0267776 -0.0262018 -0.0256313
0.00597127 0.00261708 -0.000623446 -0.00374689 -0.00675024 -0.00963094 -0.0123868 -0.0150162 -0.0175177 -0.0198906 -0.0221343 -0.0242488 -0.0262345 -0.028092 -0.0298226 -0.0314277 -0.0329091 -0.0342689 -0.0355097 -0.0366341 -0.0376452 -0.0385461 -0.0393404 -0.0400316 -0.0406236 -0.0411203 -0.0415257 -0.041844 -0.0420794 -0.0422361 -0.0423184 -0.0423306 -0.0422769 -0.0421614 -0.0419884 -0.0417619 -0.0414857 -0.0411639 -0.0408001 -0.040398 -0.039961 -0.0394925 -0.0389957 -0.0384737 -0.0379293 -0.0373654 -0.0367844 -0.0361889 -0.0355811 -0.0349633 -0.0343374 -0.0337052 -0.0330686 -0.0324292 -0.0317883 -0.0311475 -0.0305079 -0.0298706 -0.0292367 -0.0286072 -0.0279829 -0.0273645 -0.0267528
0.00455106 0.00101121 -0.00240564 -0.00569586 -0.00885627 -0.0118842 -0.0147773 -0.0175338 -0.0201525 -0.0226324 -0.0249732 -0.0271748 -0.0292379 -0.0311632 -0.0329521 -0.0346062 -0.0361277 -0.037519 -0.0387828 -0.0399222 -0.0409405 -0.0418413 -0.0426284 -0.043306 -0.0438781 -0.0443491 -0.0447235 -0.0450059 -0.0452008 -0.0453129 -0.0453469 -0.0453074 -0.045199 -0.0450264 -0.0447939 -0.0445061 -0.0441671 -0.0437812 -0.0433524 -0.0428846 -0.0423814 -0.0418466 -0.0412835 -0.0406954 -0.0400854 -0.0394564 -0.038811 -0.038152 -0.0374817 -0.0368024 -0.0361161 -0.0354249 -0.0347305 -0.0340346 -0.0333386 -0.0326441 -0.0319522 -0.0312642 -0.030581 -0.0299036 -0.0292328 -0.0285694 -0.0279141
0.00296397 -0.000773376 -0.00437758 -0.00784476 -0.0111716 -0.0143551 -0.0173931 -0.0202836 -0.0230253 -0.0256174 -0.0280595 -0.0303517 -0.0324947 -0.0344896 -0.0363378 -0.0380414 -0.0396026 -0.0410242 -0.0423092 -0.0434612 -0.0444838 -0.0453811 -0.0461572 -0.0468167 -0.0473642 -0.0478044 -0.0481424 -0.0483831 -0.0485315 -0.0485928 -0.0485722 -0.0484746 -0.0483051 -0.0480687 -0.0477703 -0.0474145 -0.0470062 -0.0465498 -0.0460495 -0.0455097 -0.0449343 -0.0443272 -0.043692 -0.0430321 -0.0423509 -0.0416514 -0.0409366 -0.0402091 -0.0394714 -0.0387261 -0.0379751 -0.0372205 -0.0364643 -0.035708 -0.0349533 -0.0342016 -0.0334541 -0.0327121 -0.0319765 -0.0312484 -0.0305285 -0.0298175 -0.0291162
0.00119378 -0.00275374 -0.00655707 -0.0102121 -0.0137153 -0.0170635 -0.0202544 -0.0232861 -0.0261571 -0.0288666 -0.0314144 -0.0338007 -0.0360263 -0.0380925 -0.0400009 -0.041754 -0.0433542 -0.0448047 -0.046109 -0.0472708 -0.0482943 -0.0491841 -0.0499447 -0.0505812 -0.0510987 -0.0515024 -0.0517978 -0.0519904 -0.0520857 -0.0520895 -0.0520072 -0.0518444 -0.0516066 -0.0512992 -0.0509276 -0.0504969 -0.0500121 -0.049478 -0.0488995 -0.0482809 -0.0476266 -0.0469406 -0.0462269 -0.0454892 -0.0447309 -0.0439552 -0.0431653 -0.042364 -0.041554 -0.0407376 -0.0399172 -0.0390948 -0.0382724 -0.0374518 -0.0366344 -0.0358218 -0.0350152 -0.0342159 -0.0334248 -0.0326429 -0.031871 -0.0311099 -0.03036
-0.00077725 -0.00494852 -0.00896359 -0.0128181 -0.0165082 -0.0200308 -0.0233832 -0.0265636 -0.0295704 -0.0324029 -0.0350609 -0.0375448 -0.0398556 -0.0419947 -0.0439642 -0.0457666 -0.0474048 -0.0488825 -0.0502034 -0.0513719 -0.0523925 -0.0532702 -0.0540103 -0.0546181 -0.0550995 -0.0554602 -0.0557063 -0.0558437 -0.0558786 -0.0558172 -0.0556656 -0.0554298 -0.0551158 -0.0547296 -0.0542769 -0.0537633 -0.0531942 -0.0525749 -0.0519105 -0.0512057 -0.0504653 -0.0496935 -0.0488945 -0.0480723 -0.0472305 -0.0463726 -0.0455017 -0.0446209 -0.0437329 -0.0428403 -0.0419455 -0.0410506 -0.0401575 -0.0392681 -0.038384 -0.0375066 -0.0366373 -0.0357771 -0.0349272 -0.0340885 -0.0332616 -0.0324474 -0.0316464
-0.00296851 -0.00737807 -0.0116184 -0.0156848 -0.0195732 -0.0232803 -0.0268034 -0.0301403 -0.0332898 -0.0362511 -0.039024 -0.0416092 -0.0440077 -0.0462213 -0.0482523 -0.0501036 -0.0517787 -0.0532813 -0.0546159 -0.0557871 -0.0568003 -0.0576609 -0.0583746 -0.0589476 -0.0593861 -0.0596966 -0.0598857 -0.05996 -0.0599264 -0.0597914 -0.0595619 -0.0592445 -0.0588457 -0.0583719 -0.0578295 -0.0572244 -0.0565626 -0.0558497 -0.0550913 -0.0542924 -0.053458 -0.0525928 -0.0517012 -0.0507873 -0.0498552 -0.0489083 -0.0479501 -0.0469838 -0.0460121 -0.0450378 -0.0440632 -0.0430907 -0.0421221 -0.0411595 -0.0402042 -0.039258 -0.0383219 -0.0373973 -0.0364851 -0.0355862 -0.0347013 -0.0338311 -0.0329762
-0.00540118 -0.0100646 -0.0145446 -0.0188361 -0.0229349 -0.0268374 -0.0305408 -0.0340428 -0.0373423 -0.0404383 -0.043331 -0.046021 -0.0485097 -0.0507992 -0.0528921 -0.0547917 -0.0565017 -0.0580267 -0.0593713 -0.0605411 -0.0615417 -0.0623792 -0.0630601 -0.063591 -0.0639791 -0.0642313 -0.064355 -0.0643575 -0.0642462 -0.0640285 -0.0637117 -0.0633032 -0.06281 -0.0622391 -0.0615975 -0.0608916 -0.0601278 -0.0593122 -0.0584508 -0.0575491 -0.0566123 -0.0556455 -0.0546533 -0.0536403 -0.0526104 -0.0515676 -0.0505153 -0.0494569 -0.0483953 -0.0473333 -0.0462734 -0.0452179 -0.0441688 -0.043128 -0.0420971 -0.0410777 -0.0400709 -0.0390779 -0.0380998 -0.0371373 -0.0361911 -0.0352619 -0.0343502
-0.0080984 -0.0130325 -0.0177676 -0.0222984 -0.0266205 -0.0307299 -0.0346237 -0.0382998 -0.0417567 -0.0449938 -0.0480112 -0.0508097 -0.0533912 -0.0557578 -0.0579126 -0.0598593 -0.0616022 -0.0631463 -0.064497 -0.0656601 -0.0666422 -0.06745 -0.0680907 -0.0685717 -0.0689007 -0.0690857 -0.0691345 -0.0690554 -0.0688564 -0.0685456 -0.0681313 -0.0676211 -0.0670231 -0.0663448 -0.0655935 -0.0647765 -0.0639007 -0.0629726 -0.0619986 -0.0609846 -0.0599363 -0.0588591 -0.0577578 -0.0566373 -0.0555018 -0.0543554 -0.0532018 -0.0520444 -0.0508863 -0.0497303 -0.0485792 -0.047435 -0.0463 -0.0451761 -0.0440647 -0.0429675 -0.0418857 -0.0408204 -0.0397725 -0.0387428 -0.037732 -0.0367407 -0.0357692
-0.0110854 -0.016308 -0.0213149 -0.0261002 -0.0306592 -0.0349878 -0.0390831 -0.0429425 -0.0465649 -0.0499495 -0.0530966 -0.0560075 -0.0586839 -0.0611287 -0.0633451 -0.0653375 -0.0671107 -0.0686701 -0.0700219 -0.0711727 -0.0721295 -0.0729001 -0.0734923 -0.0739144 -0.0741748 -0.0742824 -0.0742459 -0.0740743 -0.0737765 -0.0733614 -0.072838 -0.0722148 -0.0715004 -0.0707031 -0.0698309 -0.0688917 -0.0678928 -0.0668415 -0.0657444 -0.0646079 -0.0634383 -0.062241 -0.0610215 -0.0597847 -0.0585352 -0.0572771 -0.0560144 -0.0547506 -0.053489 -0.0522325 -0.0509837 -0.0497449 -0.0485184 -0.0473058 -0.046109 -0.0449293 -0.043768 -0.0426261 -0.0415045 -0.0404039 -0.039325 -0.0382682 -0.0372338
-0.0143897 -0.0199201 -0.0252164 -0.0302724 -0.035083 -0.039644 -0.0439521 -0.0480049 -0.051801 -0.0553399 -0.0586221 -0.0616489 -0.0644226 -0.0669462 -0.0692237 -0.0712598 -0.07306 -0.0746303 -0.0759776 -0.0771093 -0.0780334 -0.0787582 -0.0792925 -0.0796456 -0.0798268 -0.0798458 -0.0797123 -0.0794361 -0.0790273 -0.0784954 -0.0778503 -0.0771013 -0.076258 -0.0753292 -0.0743237 -0.07325 -0.0721162 -0.0709298 -0.0696983 -0.0684284 -0.0671267 -0.0657992 -0.0644516 -0.063089 -0.0617163 -0.0603379 -0.0589579 -0.0575799 -0.0562073 -0.0548431 -0.05349 -0.0521503 -0.0508262 -0.0495195 -0.0482319 -0.0469648 -0.0457192 -0.0444963 -0.0432969 -0.0421215 -0.0409708 -0.0398452 -0.0387448
-0.0180413 -0.0239002 -0.0295049 -0.0348489 -0.0399268 -0.0447341 -0.0492672 -0.0535238 -0.0575024 -0.0612026 -0.0646252 -0.0677717 -0.0706446 -0.0732477 -0.0755852 -0.0776624 -0.0794856 -0.0810616 -0.082398 -0.0835031 -0.0843857 -0.0850551 -0.0855211 -0.0857939 -0.0858839 -0.0858018 -0.0855583 -0.0851643 -0.0846307 -0.0839683 -0.0831875 -0.082299 -0.0813127 -0.0802387 -0.0790864 -0.077865 -0.0765831 -0.0752491 -0.0738708 -0.0724556 -0.0710104 -0.0695416 -0.0680551 -0.0665566 -0.0650511 -0.0635432 -0.062037 -0.0605365 -0.0590451 -0.0575657 -0.0561012 -0.0546539 -0.053226 -0.0518193 -0.0504353 -0.0490754 -0.0477408 -0.0464323 -0.0451507 -0.0438966 -0.0426704 -0.0414723 -0.0403026
-0.0220727 -0.0282822 -0.0342158 -0.0398664 -0.0452283 -0.0502966 -0.0550677 -0.0595391 -0.0637094 -0.0675783 -0.0711466 -0.0744164 -0.0773905 -0.0800731 -0.082469 -0.0845844 -0.086426 -0.0880017 -0.0893197 -0.0903895 -0.0912207 -0.0918239 -0.0922098 -0.0923897 -0.0923752 -0.092178 -0.0918102 -0.0912836 -0.0906102 -0.0898019 -0.0888703 -0.0878268 -0.0866825 -0.0854482 -0.0841343 -0.0827506 -0.0813066 -0.0798112 -0.0782728 -0.0766993 -0.0750982 -0.0734762 -0.0718396 -0.0701943 -0.0685456 -0.0668982 -0.0652566 -0.0636247 -0.062006 -0.0604036 -0.0588202 -0.0572584 -0.05572 -0.054207 -0.0527209 -0.0512629 -0.0498341 -0.0484352 -0.047067 -0.0457299 -0.0444243 -0.0431502 -0.0419078
-0.0265195 -0.0331033 -0.0393876 -0.0453646 -0.0510283 -0.0563734 -0.0613962 -0.0660941 -0.0704657 -0.0745108 -0.0782305 -0.0816271 -0.084704 -0.0874658 -0.0899182 -0.0920678 -0.0939224 -0.0954906 -0.0967819 -0.0978065 -0.0985753 -0.0991 -0.0993926 -0.0994655 -0.0993316 -0.099004 -0.0984958 -0.0978202 -0.0969905 -0.0960195 -0.0949201 -0.0937049 -0.092386 -0.090975 -0.0894833 -0.0879215 -0.0863 -0.0846282 -0.0829154 -0.0811698 -0.0793994 -0.0776113 -0.0758124 -0.0740087 -0.0722056 -0.0704084 -0.0686214 -0.0668487 -0.0650939 -0.06336 -0.06165 -0.0599662 -0.0583105 -0.0566848 -0.0550904 -0.0535286 -0.0520002 -0.0505061 -0.0490466 -0.0476223 -0.0462331 -0.0448793 -0.0435606
-0.03142 -0.0384037 -0.045062 -0.0513867 -0.0573712 -0.06301 -0.068299 -0.0732357 -0.0778186 -0.0820477 -0.0859244 -0.0894513 -0.0926323 -0.0954727 -0.0979788 -0.100158 -0.102019 -0.103572 -0.104827 -0.105795 -0.106489 -0.106921 -0.107106 -0.107056 -0.106786 -0.106311 -0.105645 -0.104802 -0.103797 -0.102645 -0.10136 -0.0999544 -0.0984425 -0.0968369 -0.0951498 -0.0933928 -0.091577 -0.0897128 -0.0878099 -0.0858772 -0.0839231 -0.0819554 -0.079981 -0.0780064 -0.0760373 -0.074079 -0.072136 -0.0702126 -0.0683123 -0.0664383 -0.0645933 -0.0627797 -0.0609995 -0.0592542 -0.0575453 -0.0558737 -0.0542404 -0.0526458 -0.0510903 -0.0495741 -0.0480974 -0.0466599 -0.0452615
-0.0368158 -0.0442269 -0.0512843 -0.0579793 -0.0643049 -0.0702552 -0.0758259 -0.0810143 -0.0858191 -0.0902403 -0.0942796 -0.0979401 -0.101226 -0.104144 -0.1067 -0.108904 -0.110764 -0.112292 -0.113499 -0.114399 -0.115004 -0.115329 -0.115388 -0.115198 -0.114774 -0.114132 -0.113288 -0.112258 -0.111059 -0.109705 -0.108213 -0.106597 -0.104872 -0.103053 -0.101151 -0.09918 -0.097152 -0.0950778 -0.0929679 -0.0908319 -0.0886788 -0.0865167 -0.0843528 -0.0821941 -0.0800464 -0.0779151 -0.075805 -0.0737204 -0.0716647 -0.0696413 -0.0676527 -0.0657013 -0.0637889 -0.061917 -0.0600869 -0.0582995 -0.0565554 -0.054855 -0.0531986 -0.0515861 -0.0500174 -0.0484923 -0.0470104
-0.042752 -0.0506197 -0.0581031 -0.0651928 -0.0718812 -0.078162 -0.0840307 -0.0894845 -0.0945221 -0.0991437 -0.103351 -0.107149 -0.110541 -0.113534 -0.116136 -0.118358 -0.120209 -0.121701 -0.122848 -0.123664 -0.124165 -0.124365 -0.124281 -0.123932 -0.123333 -0.122503 -0.121459 -0.12022 -0.118803 -0.117226 -0.115505 -0.113656 -0.111697 -0.109641 -0.107504 -0.105299 -0.103039 -0.100736 -0.0984012 -0.0960446 -0.0936759 -0.0913035 -0.0889353 -0.0865783 -0.0842386 -0.0819219 -0.0796329 -0.0773758 -0.0751545 -0.0729718 -0.0708306 -0.0687329 -0.0666804 -0.0646746 -0.0627165 -0.0608068 -0.0589461 -0.0571344 -0.0553719 -0.0536584 -0.0519934 -0.0503767 -0.0488075
-0.0492771 -0.0576329 -0.065571 -0.0730814 -0.0801556 -0.0867872 -0.0929713 -0.0987048 -0.103987 -0.108817 -0.113199 -0.117136 -0.120634 -0.1237 -0.126344 -0.128575 -0.130407 -0.131852 -0.132925 -0.133642 -0.13402 -0.134076 -0.133829 -0.133297 -0.132501 -0.13146 -0.130193 -0.12872 -0.127061 -0.125235 -0.12326 -0.121155 -0.118937 -0.116623 -0.114228 -0.111766 -0.109253 -0.106701 -0.104121 -0.101526 -0.0989236 -0.0963242 -0.0937357 -0.0911654 -0.0886196 -0.086104 -0.0836236 -0.0811826 -0.0787846 -0.0764326 -0.0741292 -0.0718763 -0.0696756 -0.0675282 -0.065435 -0.0633965 -0.061413 -0.0594844 -0.0576106 -0.0557911 -0.0540254 -0.0523129 -0.0506526
-0.0564431 -0.0653209 -0.0737445 -0.0817032 -0.0891879 -0.0961918 -0.10271 -0.108738 -0.114276 -0.119325 -0.123886 -0.127965 -0.131569 -0.134705 -0.137383 -0.139616 -0.141418 -0.142801 -0.143785 -0.144385 -0.14462 -0.14451 -0.144077 -0.14334 -0.142321 -0.141042 -0.139525 -0.137792 -0.135864 -0.133762 -0.131507 -0.129119 -0.126616 -0.124018 -0.12134 -0.118599 -0.115809 -0.112986 -0.110141 -0.107286 -0.104431 -0.101587 -0.0987611 -0.0959615 -0.0931946 -0.0904663 -0.0877813 -0.085144 -0.0825579 -0.0800259 -0.0775504 -0.0751332 -0.0727756 -0.0704787 -0.0682431 -0.066069 -0.0639564 -0.0619052 -0.0599147 -0.0579843 -0.0561133 -0.0543007 -0.0525455
-0.0643059 -0.0737417 -0.0826838 -0.0911205 -0.0990421 -0.106441 -0.113312 -0.119651 -0.125458 -0.130734 -0.13548 -0.139704 -0.143412 -0.146614 -0.149321 -0.151545 -0.153303 -0.15461 -0.155485 -0.155948 -0.156019 -0.15572 -0.155074 -0.154105 -0.152835 -0.15129 -0.149494 -0.147471 -0.145244 -0.142837 -0.140273 -0.137572 -0.134757 -0.131846 -0.128859 -0.125812 -0.122722 -0.119603 -0.11647 -0.113335 -0.110208 -0.107099 -0.104018 -0.100972 -0.0979687 -0.0950127 -0.0921094 -0.089263 -0.0864769 -0.0837537 -0.0810958 -0.0785047 -0.0759815 -0.0735269 -0.0711413 -0.0688246 -0.0665766 -0.0643966 -0.062284 -0.0602378 -0.0582568 -0.0563399 -0.0544857
-0.072925 -0.0829577 -0.0924535 -0.1014 -0.109786 -0.117605 -0.124849 -0.131516 -0.137605 -0.143116 -0.148054 -0.152425 -0.156236 -0.159498 -0.162224 -0.164429 -0.166128 -0.167342 -0.168089 -0.168392 -0.168274 -0.167759 -0.166873 -0.165641 -0.16409 -0.162248 -0.16014 -0.157794 -0.155236 -0.152491 -0.149585 -0.146541 -0.143382 -0.14013 -0.136804 -0.133423 -0.130006 -0.126567 -0.123122 -0.119683 -0.116261 -0.112869 -0.109513 -0.106204 -0.102946 -0.0997472 -0.0966111 -0.0935421 -0.0905435 -0.0876177 -0.0847667 -0.0819918 -0.0792938 -0.0766732 -0.0741298 -0.0716634 -0.0692733 -0.0669586 -0.0647182 -0.0625509 -0.0604553 -0.0584297 -0.0564725
