MatLab_Code/mc_gn2e_pu.grd
DSAA
241 241
-2000 22000
-2000 22000
-1.5454 2.93447
[rows 140 to 167 of 241, columns 62 to 123 of 241]
0.635003 0.660713 0.686401 0.711918 0.737112 0.761824 0.7859 0.809183 0.831523 0.852778 0.872813 0.891505 0.908746 0.924441 0.938512 0.950898 0.961554 0.970454 0.977587 0.982961 0.986595 0.988523 0.988789 0.987447 0.984557 0.980183 0.974394 0.967256 0.958834 0.949192 0.938386 0.926468 0.913484 0.899472 0.884466 0.868491 0.851567 0.83371 0.814931 0.79524 0.774644 0.753147 0.730756 0.707478 0.68332 0.658291 0.632401 0.605662 0.578087 0.549691 0.520486 0.490488 0.459709 0.428162 0.395858 0.362805 0.329014 0.29449 0.25924 0.223271 0.186591 0.149211
0.63734 0.663147 0.688892 0.714418 0.739569 0.764181 0.788094 0.81115 0.833194 0.854083 0.873682 0.891867 0.908531 0.923584 0.936949 0.948571 0.958413 0.966453 0.972691 0.977139 0.979828 0.9808 0.980109 0.977817 0.973992 0.968707 0.962037 0.954054 0.944831 0.934432 0.922918 0.910345 0.896757 0.882195 0.86669 0.850267 0.832946 0.814739 0.795658 0.775711 0.754902 0.733238 0.710725 0.687372 0.663186 0.638181 0.61237 0.585769 0.558397 0.530271 0.501413 0.47184 0.441573 0.410627 0.37902 0.346763 0.313868 0.280345 0.246202 0.211444 0.17608 0.140117
0.63981 0.66574 0.69157 0.717138 0.742282 0.766834 0.790629 0.813506 0.835309 0.85589 0.875116 0.892863 0.909026 0.923515 0.936261 0.947212 0.956335 0.963618 0.969066 0.972701 0.97456 0.974696 0.973169 0.97005 0.965416 0.959345 0.95192 0.943217 0.933312 0.922275 0.910167 0.897045 0.882954 0.867934 0.852013 0.835216 0.81756 0.799055 0.779711 0.759533 0.738527 0.716696 0.69405 0.670595 0.646346 0.621315 0.595522 0.568989 0.541737 0.513793 0.485182 0.455931 0.426063 0.395604 0.364573 0.332989 0.300868 0.268221 0.235058 0.201388 0.167217 0.132552
0.64232 0.668394 0.694332 0.719968 0.745135 0.769662 0.793378 0.81612 0.83773 0.858058 0.87697 0.894344 0.910075 0.924079 0.936287 0.946653 0.955151 0.961775 0.966537 0.969466 0.970609 0.970024 0.96778 0.963956 0.958635 0.951903 0.943844 0.934543 0.924076 0.912516 0.899926 0.886361 0.871866 0.856479 0.840226 0.823128 0.8052 0.78645 0.766883 0.746504 0.725316 0.703324 0.680535 0.656959 0.632613 0.607513 0.581684 0.555151 0.527946 0.500099 0.471644 0.442615 0.413043 0.38296 0.352392 0.321365 0.289898 0.258008 0.225707 0.193004 0.159908 0.126424
0.644774 0.671006 0.69707 0.722796 0.748011 0.77254 0.796211 0.818857 0.840316 0.860439 0.879091 0.896151 0.911517 0.925105 0.936853 0.946718 0.95468 0.960739 0.964913 0.967241 0.967775 0.966581 0.963735 0.959324 0.953435 0.94616 0.937588 0.927806 0.916893 0.904923 0.891959 0.878055 0.863253 0.847588 0.831085 0.81376 0.795623 0.77668 0.756933 0.736384 0.715033 0.692886 0.669951 0.646239 0.621768 0.596561 0.570646 0.544057 0.516829 0.489003 0.46062 0.431722 0.40235 0.372541 0.342332 0.311752 0.280827 0.24958 0.218027 0.186179 0.154044 0.121629
0.647078 0.673475 0.699675 0.725505 0.750786 0.775341 0.798994 0.821574 0.842919 0.86288 0.88132 0.898121 0.91318 0.926419 0.937777 0.947219 0.954728 0.96031 0.963992 0.965817 0.965844 0.964148 0.960811 0.955923 0.94958 0.941876 0.932906 0.922756 0.91151 0.899238 0.886005 0.87186 0.856846 0.840992 0.824318 0.806837 0.788554 0.769471 0.749587 0.728899 0.707408 0.685118 0.662036 0.638177 0.61356 0.588214 0.562173 0.535475 0.508166 0.480294 0.451908 0.42306 0.393799 0.364173 0.334224 0.303991 0.273507 0.242798 0.211886 0.180785 0.149505 0.118053
0.649135 0.675698 0.70204 0.727981 0.75334 0.777936 0.80159 0.82413 0.845393 0.865227 0.883497 0.900084 0.914891 0.927839 0.938874 0.947963 0.955096 0.960284 0.96356 0.964974 0.964593 0.962494 0.958769 0.953511 0.946821 0.938798 0.929536 0.919127 0.907652 0.895182 0.881778 0.867489 0.852352 0.836392 0.819624 0.802056 0.783689 0.764519 0.744541 0.723749 0.702143 0.679723 0.656499 0.632487 0.60771 0.582201 0.556 0.529152 0.501712 0.473735 0.445282 0.416413 0.387187 0.35766 0.327886 0.29791 0.267773 0.237507 0.207139 0.176686 0.146162 0.115573
0.650852 0.677577 0.704057 0.73011 0.755552 0.780198 0.803867 0.826385 0.847588 0.867324 0.885458 0.901874 0.916474 0.929185 0.939954 0.948755 0.955581 0.960451 0.963402 0.964491 0.963789 0.961382 0.957363 0.951834 0.944898 0.936655 0.927204 0.916635 0.90503 0.892458 0.878978 0.864634 0.849458 0.833471 0.816683 0.799095 0.780702 0.761496 0.741467 0.720607 0.698911 0.67638 0.653023 0.628859 0.603914 0.578225 0.551838 0.524808 0.497196 0.469069 0.440495 0.411545 0.382289 0.352793 0.323119 0.293322 0.26345 0.233542 0.203631 0.173737 0.143878 0.114061
0.652139 0.679013 0.705622 0.731782 0.757305 0.782003 0.805694 0.828201 0.849361 0.869021 0.887047 0.903323 0.917756 0.930274 0.94083 0.949399 0.955982 0.960601 0.963299 0.96414 0.963199 0.960568 0.956344 0.950634 0.943542 0.935172 0.925624 0.914988 0.903344 0.890758 0.877287 0.86297 0.847834 0.831894 0.815154 0.797608 0.779247 0.760055 0.740019 0.719126 0.697369 0.674747 0.651272 0.626961 0.601846 0.575969 0.549382 0.522147 0.494335 0.466021 0.437284 0.408207 0.378869 0.349346 0.319711 0.290027 0.26035 0.230728 0.201198 0.171786 0.142511 0.113383
0.652909 0.679915 0.706638 0.732893 0.758487 0.783233 0.806945 0.829446 0.850572 0.87017 0.888108 0.904272 0.918569 0.930932 0.941316 0.949703 0.956097 0.960525 0.963035 0.963696 0.962589 0.959809 0.95546 0.949648 0.942483 0.93407 0.924508 0.913887 0.902285 0.889767 0.876382 0.862166 0.847141 0.831315 0.814686 0.797241 0.778963 0.759834 0.739832 0.718942 0.697154 0.674467 0.650891 0.626446 0.601167 0.575102 0.548309 0.520857 0.492827 0.464303 0.435376 0.406138 0.376678 0.347086 0.317441 0.287818 0.258281 0.228885 0.199671 0.170674 0.141914 0.113404
0.653083 0.680196 0.707013 0.733343 0.758994 0.783776 0.807501 0.829994 0.851088 0.870633 0.888496 0.904565 0.918751 0.930989 0.941238 0.949483 0.955733 0.960021 0.962399 0.962939 0.961729 0.958867 0.954461 0.948619 0.941453 0.933069 0.923567 0.913033 0.901545 0.889164 0.875934 0.861886 0.847035 0.831383 0.814921 0.797629 0.779485 0.760462 0.740535 0.719685 0.697898 0.675172 0.651517 0.626956 0.601527 0.575282 0.548286 0.520617 0.492363 0.46362 0.434487 0.405068 0.375463 0.345771 0.316084 0.286484 0.257044 0.227827 0.198881 0.170243 0.14194 0.113986
0.652589 0.679779 0.706661 0.733042 0.758729 0.783528 0.807255 0.82973 0.850788 0.870279 0.888073 0.904059 0.91815 0.930285 0.940426 0.948562 0.954706 0.958896 0.961188 0.961658 0.960399 0.957511 0.953105 0.947294 0.940189 0.931896 0.922515 0.912132 0.900819 0.888634 0.875617 0.861793 0.847171 0.831745 0.8155 0.798408 0.780441 0.761566 0.741753 0.720978 0.699225 0.67649 0.652783 0.628129 0.60257 0.576162 0.548978 0.521102 0.492631 0.46367 0.43433 0.404725 0.374965 0.34516 0.315411 0.285811 0.25644 0.227369 0.198653 0.170334 0.142441 0.114993
0.651359 0.678593 0.705507 0.731909 0.757604 0.782398 0.806105 0.828546 0.849558 0.86899 0.886713 0.90262 0.916626 0.928672 0.938725 0.946776 0.952844 0.956968 0.959211 0.959652 0.958387 0.955519 0.951163 0.945431 0.938437 0.930287 0.921079 0.910896 0.899808 0.887869 0.875114 0.861561 0.847212 0.832056 0.816069 0.799218 0.781468 0.762778 0.743115 0.72245 0.700764 0.678052 0.654324 0.629607 0.603945 0.5774 0.55005 0.521987 0.493318 0.464155 0.434621 0.404837 0.374927 0.34501 0.315195 0.285586 0.256272 0.227328 0.198818 0.170789 0.143274 0.116293
0.649339 0.676575 0.703485 0.729872 0.755542 0.780302 0.803964 0.82635 0.847298 0.866658 0.884304 0.900129 0.914052 0.926016 0.935992 0.943975 0.949987 0.95407 0.956292 0.956735 0.955497 0.952687 0.948417 0.942803 0.93596 0.927992 0.918996 0.909053 0.89823 0.886574 0.874117 0.860871 0.846832 0.831981 0.816287 0.799711 0.78221 0.76374 0.74426 0.723738 0.702153 0.679498 0.655783 0.631036 0.605306 0.578657 0.551174 0.522957 0.494119 0.464783 0.435079 0.405141 0.3751 0.345085 0.315216 0.285604 0.256347 0.227527 0.199214 0.171459 0.144299 0.117758
0.646479 0.673675 0.700537 0.72687 0.752478 0.777169 0.800755 0.823061 0.843921 0.863192 0.880746 0.89648 0.910316 0.922198 0.932102 0.940025 0.945993 0.950052 0.952272 0.952739 0.951553 0.948824 0.944668 0.939201 0.932536 0.924779 0.916023 0.906349 0.895817 0.884473 0.872341 0.859428 0.845725 0.831204 0.81583 0.799556 0.782333 0.764111 0.744844 0.724498 0.703048 0.680485 0.65682 0.632083 0.606323 0.579612 0.552038 0.523708 0.494743 0.465273 0.435439 0.405381 0.375242 0.345159 0.315261 0.285667 0.256482 0.227796 0.199682 0.172199 0.145386 0.119269
0.642742 0.669849 0.696618 0.722853 0.748358 0.772942 0.796417 0.818609 0.839356 0.858513 0.875956 0.891585 0.905322 0.917117 0.926945 0.93481 0.940739 0.944782 0.947011 0.947514 0.946394 0.943763 0.939738 0.934435 0.927967 0.920438 0.91194 0.902551 0.892327 0.88131 0.86952 0.856957 0.843605 0.829433 0.814397 0.798445 0.781522 0.763573 0.744548 0.724407 0.703125 0.680691 0.657116 0.632431 0.606688 0.579962 0.552347 0.523956 0.494915 0.465363 0.435449 0.405321 0.37513 0.345022 0.315134 0.285591 0.256506 0.227976 0.200078 0.172876 0.146412 0.120715
0.638098 0.665067 0.691693 0.717783 0.743141 0.767575 0.790901 0.812944 0.833544 0.85256 0.869868 0.88537 0.898992 0.910687 0.920432 0.928234 0.934121 0.938148 0.940388 0.940932 0.939885 0.937359 0.933472 0.928341 0.922077 0.914784 0.906551 0.897453 0.887544 0.876861 0.865418 0.853211 0.840219 0.826405 0.811718 0.796101 0.779495 0.761838 0.743078 0.723172 0.702091 0.679823 0.656381 0.631794 0.606119 0.579433 0.551834 0.52344 0.494385 0.464813 0.43488 0.404743 0.374558 0.34448 0.314652 0.285207 0.256264 0.227923 0.20027 0.173369 0.147267 0.121995
0.63253 0.659307 0.68574 0.711635 0.736797 0.761037 0.78417 0.806026 0.826444 0.845285 0.86243 0.877781 0.891268 0.902845 0.912492 0.920219 0.926057 0.930061 0.932308 0.932891 0.931914 0.929492 0.925741 0.92078 0.914719 0.90766 0.89969 0.89088 0.881282 0.870929 0.85983 0.847978 0.835345 0.821889 0.807555 0.792282 0.776003 0.758655 0.740181 0.720535 0.699687 0.677624 0.654357 0.629919 0.604366 0.577779 0.55026 0.521931 0.49293 0.46341 0.433529 0.403452 0.373343 0.343361 0.313656 0.284366 0.255616 0.227511 0.200139 0.173571 0.147854 0.123022
0.626028 0.65256 0.678746 0.704394 0.729311 0.753309 0.776206 0.797831 0.818029 0.836661 0.853611 0.868782 0.882108 0.893545 0.903076 0.910711 0.916485 0.920455 0.922698 0.923309 0.922394 0.920066 0.916444 0.911644 0.905776 0.89894 0.891221 0.882688 0.873389 0.863354 0.852588 0.84108 0.828798 0.815694 0.801711 0.786782 0.770837 0.75381 0.73564 0.716279 0.695694 0.673874 0.650828 0.626589 0.601217 0.574792 0.547422 0.519231 0.490362 0.46097 0.431222 0.401285 0.371329 0.341518 0.312007 0.282939 0.254443 0.226628 0.199587 0.173391 0.148091 0.123723
0.618595 0.644826 0.670711 0.69606 0.720681 0.744388 0.767001 0.788353 0.808289 0.826675 0.843394 0.858355 0.871491 0.882762 0.892153 0.899676 0.905367 0.909285 0.911509 0.912133 0.911264 0.909016 0.905507 0.900852 0.89516 0.888529 0.881043 0.872767 0.863748 0.854012 0.843561 0.832379 0.820433 0.80767 0.79403 0.779441 0.763832 0.747133 0.729282 0.710228 0.689938 0.668398 0.645618 0.621632 0.5965 0.570305 0.543156 0.515181 0.486524 0.457347 0.427816 0.398105 0.368387 0.33883 0.309592 0.280822 0.252649 0.225187 0.198531 0.172755 0.147912 0.124037
0.61024 0.636116 0.661646 0.686641 0.710915 0.734281 0.756564 0.777597 0.79723 0.815329 0.831781 0.846497 0.859413 0.87049 0.879715 0.887102 0.892689 0.896534 0.898718 0.899335 0.898492 0.896304 0.892887 0.888355 0.882816 0.876367 0.869089 0.861045 0.852281 0.842818 0.832657 0.82178 0.810148 0.79771 0.784399 0.770143 0.754869 0.738503 0.720983 0.702256 0.682288 0.661065 0.638597 0.614918 0.590088 0.564192 0.53734 0.509661 0.481303 0.452427 0.423205 0.393811 0.364421 0.335206 0.306328 0.277934 0.25016 0.22312 0.19691 0.171607 0.147265 0.12392
0.600984 0.62645 0.65157 0.67616 0.700034 0.723011 0.744915 0.765585 0.784871 0.802643 0.818791 0.833228 0.845891 0.856743 0.865775 0.872999 0.878455 0.882204 0.884324 0.884911 0.884072 0.881919 0.878569 0.874134 0.868722 0.862426 0.855327 0.847486 0.838945 0.829726 0.819827 0.809227 0.797886 0.78575 0.772752 0.758819 0.743873 0.727843 0.710664 0.692282 0.672664 0.651795 0.629683 0.606365 0.581899 0.556372 0.529893 0.502593 0.474621 0.446138 0.417317 0.388335 0.359367 0.330586 0.302155 0.274223 0.246926 0.22038 0.194682 0.169909 0.146117 0.123343
0.590857 0.615858 0.640516 0.664649 0.688073 0.71061 0.732089 0.75235 0.771247 0.788653 0.804459 0.81858 0.830957 0.841555 0.850363 0.857397 0.862697 0.866322 0.868354 0.868885 0.868023 0.865879 0.862568 0.858202 0.852886 0.846712 0.83976 0.832088 0.823739 0.814731 0.805061 0.794708 0.783631 0.771774 0.75907 0.745445 0.730822 0.715128 0.698297 0.680278 0.661035 0.640553 0.618843 0.595938 0.571898 0.546809 0.52078 0.493942 0.466443 0.438445 0.410119 0.381643 0.353192 0.324938 0.297044 0.26966 0.242921 0.216943 0.191825 0.167642 0.144452 0.122291
0.579894 0.60438 0.628525 0.652149 0.675075 0.697125 0.718133 0.737942 0.756408 0.773407 0.788834 0.802605 0.814663 0.824974 0.833529 0.840345 0.845461 0.848937 0.850853 0.851303 0.850391 0.848228 0.844927 0.8406 0.835348 0.829264 0.822424 0.814889 0.806696 0.797864 0.788391 0.778254 0.767412 0.755809 0.743378 0.730046 0.715737 0.700377 0.683902 0.66626 0.647416 0.627356 0.606089 0.583648 0.560094 0.535511 0.510008 0.483712 0.456773 0.429349 0.401612 0.373736 0.345895 0.31826 0.290993 0.264243 0.238142 0.212808 0.188337 0.164805 0.142269 0.120765
0.568141 0.592062 0.615644 0.638713 0.661093 0.682612 0.703105 0.722419 0.740414 0.756969 0.77198 0.785368 0.797075 0.807069 0.815343 0.821912 0.826817 0.830118 0.831893 0.832233 0.831244 0.829034 0.825715 0.821396 0.816177 0.81015 0.803391 0.795956 0.787885 0.779196 0.769886 0.759933 0.749296 0.737922 0.725744 0.71269 0.698685 0.683658 0.667544 0.650293 0.631871 0.612264 0.59148 0.569553 0.546542 0.52253 0.497623 0.471949 0.445652 0.41889 0.391831 0.364645 0.337506 0.31058 0.284027 0.257993 0.23261 0.207992 0.184235 0.161413 0.139582 0.118779
0.55565 0.578959 0.601934 0.624402 0.646191 0.667135 0.687072 0.705852 0.723339 0.739414 0.753976 0.766948 0.778274 0.787922 0.795887 0.802184 0.806853 0.809952 0.81156 0.811767 0.810675 0.808391 0.805026 0.800686 0.79547 0.789469 0.782756 0.77539 0.767407 0.758828 0.749649 0.73985 0.729392 0.718222 0.706276 0.693485 0.679775 0.665077 0.64933 0.632483 0.614504 0.595378 0.575116 0.553749 0.531335 0.507955 0.483714 0.458735 0.433159 0.407141 0.380843 0.354435 0.328083 0.301951 0.276194 0.250956 0.226365 0.202532 0.179551 0.157496 0.136419 0.116358
0.542478 0.565133 0.587457 0.609282 0.630441 0.65077 0.670113 0.688322 0.705266 0.720828 0.73491 0.747436 0.758352 0.767629 0.77526 0.78126 0.785669 0.788545 0.789963 0.790013 0.788794 0.786412 0.782975 0.778587 0.773347 0.767343 0.760648 0.753319 0.745395 0.736894 0.727817 0.718144 0.707839 0.696851 0.685119 0.672577 0.659154 0.644783 0.629406 0.612975 0.595458 0.576842 0.557135 0.536371 0.514604 0.491914 0.4684 0.444184 0.419402 0.394203 0.368747 0.343194 0.317709 0.292449 0.267565 0.243195 0.219465 0.196482 0.174336 0.153098 0.132821 0.11354
0.528688 0.550649 0.572284 0.593429 0.61392 0.633599 0.652313 0.669919 0.686288 0.701307 0.71488 0.726934 0.737417 0.746298 0.753572 0.759255 0.763383 0.766015 0.767223 0.767096 0.765729 0.763228 0.759697 0.755238 0.74995 0.743917 0.737213 0.729895 0.722003 0.713555 0.704554 0.694983 0.684808 0.673982 0.662448 0.650142 0.636999 0.622955 0.607953 0.591948 0.574911 0.556829 0.53771 0.517587 0.496512 0.474562 0.451833 0.428441 0.404518 0.380207 0.355661 0.331037 0.306489 0.282172 0.258228 0.234793 0.211985 0.189908 0.168649 0.148276 0.128839 0.110371
