MatLab_Code/mc_gn2e_pu.grd
DSAA
241 241
-2000 22000
-2000 22000
-1.5454 2.93447
[rows 28 to 55 of 241, columns 62 to 123 of 241]
0.129858 0.132368 0.134878 0.137384 0.139878 0.142353 0.144801 0.147215 0.149589 0.151913 0.154183 0.15639 0.158529 0.160593 0.162577 0.164476 0.166284 0.167997 0.169611 0.17112 0.172522 0.173811 0.174984 0.176037 0.176966 0.177766 0.178433 0.178964 0.179353 0.179598 0.179693 0.179635 0.179419 0.179043 0.178503 0.177795 0.176917 0.175866 0.174642 0.173241 0.171665 0.169912 0.167984 0.16588 0.163605 0.161159 0.158548 0.155774 0.152842 0.149759 0.14653 0.143163 0.139664 0.136042 0.132305 0.128461 0.12452 0.120492 0.116384 0.112207 0.10797 0.103683
0.134062 0.136704 0.139349 0.14199 0.14462 0.147232 0.149818 0.152371 0.154883 0.157346 0.159753 0.162098 0.164372 0.166571 0.168687 0.170715 0.17265 0.174486 0.176219 0.177844 0.179356 0.180751 0.182023 0.183169 0.184185 0.185064 0.185804 0.186398 0.186844 0.187135 0.187268 0.187238 0.187042 0.186674 0.186132 0.185412 0.184511 0.183427 0.182157 0.180701 0.179058 0.177227 0.17521 0.173008 0.170622 0.168057 0.165315 0.162401 0.159321 0.15608 0.152685 0.149143 0.145462 0.141651 0.137719 0.133674 0.129526 0.125285 0.12096 0.116562 0.1121 0.107584
0.138448 0.141232 0.14402 0.146806 0.149583 0.152343 0.155078 0.15778 0.160442 0.163055 0.165611 0.168104 0.170527 0.172871 0.175132 0.177302 0.179375 0.181347 0.183211 0.184963 0.186597 0.188108 0.18949 0.19074 0.191852 0.19282 0.19364 0.194307 0.194815 0.195161 0.195337 0.195341 0.195167 0.194812 0.19427 0.193539 0.192616 0.191497 0.190182 0.188667 0.186954 0.185041 0.18293 0.180622 0.178119 0.175425 0.172544 0.169481 0.16624 0.16283 0.159256 0.155526 0.15165 0.147635 0.143492 0.139229 0.134858 0.130387 0.125828 0.121191 0.116486 0.111723
0.143033 0.145968 0.148911 0.151853 0.154787 0.157706 0.160602 0.163466 0.16629 0.169065 0.171785 0.17444 0.177023 0.179528 0.181946 0.184271 0.186497 0.188618 0.190627 0.192518 0.194287 0.195926 0.197431 0.198796 0.200015 0.201083 0.201994 0.202742 0.203321 0.203728 0.203955 0.203998 0.203852 0.203512 0.202974 0.202234 0.201289 0.200136 0.198772 0.197197 0.19541 0.19341 0.191199 0.188778 0.18615 0.183318 0.180288 0.177063 0.173651 0.170058 0.166291 0.162359 0.158271 0.154037 0.149665 0.145167 0.140553 0.135835 0.131021 0.126125 0.121156 0.116126
0.147832 0.15093 0.154038 0.157148 0.160253 0.163344 0.166413 0.169452 0.172452 0.175405 0.178301 0.181133 0.183893 0.186572 0.189163 0.191659 0.194053 0.196337 0.198506 0.200553 0.20247 0.204252 0.205893 0.207386 0.208726 0.209904 0.210917 0.211756 0.212417 0.212893 0.213178 0.213267 0.213154 0.212834 0.212303 0.211556 0.21059 0.209402 0.207989 0.20635 0.204485 0.202393 0.200075 0.197534 0.194772 0.191793 0.188602 0.185204 0.181606 0.177816 0.173841 0.16969 0.165373 0.160901 0.156282 0.151529 0.146653 0.141665 0.136576 0.131398 0.126143 0.120821
0.152859 0.156132 0.159418 0.162709 0.165997 0.169275 0.172532 0.175761 0.178953 0.182098 0.185188 0.188213 0.191166 0.194037 0.196818 0.199502 0.202081 0.204546 0.206892 0.20911 0.211193 0.213134 0.214926 0.216562 0.218036 0.219339 0.220466 0.221409 0.222161 0.222716 0.223068 0.22321 0.223137 0.222842 0.222321 0.22157 0.220584 0.21936 0.217897 0.216192 0.214244 0.212054 0.209623 0.206952 0.204046 0.200909 0.197544 0.19396 0.190162 0.186158 0.181958 0.177571 0.173006 0.168275 0.163389 0.158359 0.153197 0.147916 0.142528 0.137044 0.131477 0.125839
0.158128 0.161589 0.165066 0.168552 0.172039 0.175518 0.17898 0.182416 0.185816 0.189171 0.192472 0.195709 0.198873 0.201955 0.204946 0.207837 0.21062 0.213286 0.215827 0.218235 0.220502 0.22262 0.224581 0.226378 0.228001 0.229445 0.2307 0.231759 0.232615 0.233261 0.233689 0.233893 0.233866 0.233602 0.233096 0.232344 0.231339 0.23008 0.228564 0.226789 0.224754 0.22246 0.219908 0.2171 0.214039 0.21073 0.20718 0.203393 0.199379 0.195145 0.1907 0.186056 0.181222 0.176211 0.171033 0.165703 0.160231 0.154631 0.148916 0.143099 0.137193 0.13121
0.163649 0.167313 0.170996 0.174693 0.178395 0.182092 0.185776 0.189437 0.193065 0.19665 0.200182 0.203652 0.207048 0.210362 0.213584 0.216704 0.219713 0.222601 0.225359 0.227978 0.23045 0.232765 0.234915 0.23689 0.238682 0.240282 0.241682 0.242873 0.243847 0.244595 0.245111 0.245386 0.245414 0.245188 0.244702 0.243951 0.24293 0.241636 0.240066 0.238218 0.236091 0.233686 0.231003 0.228047 0.22482 0.221327 0.217575 0.213571 0.209322 0.204838 0.200129 0.195205 0.190079 0.184763 0.179268 0.17361 0.1678 0.161853 0.155782 0.149602 0.143325 0.136966
0.169435 0.173316 0.177222 0.181147 0.185081 0.189016 0.192941 0.196847 0.200724 0.20456 0.208346 0.212071 0.215723 0.219293 0.22277 0.226143 0.229401 0.232536 0.235535 0.23839 0.24109 0.243624 0.245984 0.24816 0.25014 0.251917 0.25348 0.254819 0.255926 0.256792 0.257408 0.257765 0.257857 0.257676 0.257216 0.256471 0.255436 0.254107 0.252481 0.250556 0.248332 0.245808 0.242987 0.239872 0.236466 0.232775 0.228805 0.224564 0.220061 0.215305 0.210308 0.205082 0.199637 0.193989 0.188149 0.182133 0.175955 0.169629 0.16317 0.156592 0.149911 0.143142
0.175495 0.17961 0.183757 0.187928 0.192115 0.196307 0.200496 0.20467 0.208818 0.21293 0.216994 0.221 0.224934 0.228786 0.232544 0.236197 0.239733 0.24314 0.246408 0.249524 0.252478 0.255258 0.257854 0.260253 0.262445 0.26442 0.266166 0.267673 0.26893 0.269929 0.270659 0.271112 0.271279 0.271152 0.270724 0.269989 0.268942 0.267579 0.265896 0.263891 0.261563 0.258914 0.255944 0.252657 0.249058 0.245152 0.240946 0.236449 0.23167 0.22662 0.22131 0.215753 0.209962 0.203952 0.197736 0.19133 0.184749 0.178009 0.171125 0.164114 0.156991 0.149772
0.181839 0.186207 0.190615 0.195053 0.199514 0.203987 0.208462 0.212928 0.217374 0.221788 0.226158 0.230472 0.234717 0.238881 0.24295 0.246913 0.250756 0.254467 0.258032 0.26144 0.264677 0.267731 0.270589 0.273239 0.275669 0.277866 0.279818 0.281514 0.282942 0.284091 0.284952 0.285514 0.285767 0.285704 0.285316 0.284597 0.283542 0.282145 0.280403 0.278314 0.275877 0.273093 0.269964 0.266493 0.262685 0.258546 0.254085 0.24931 0.244231 0.23886 0.23321 0.227293 0.221124 0.214719 0.208092 0.201259 0.194239 0.187046 0.179698 0.172213 0.164606 0.156895
0.188479 0.19312 0.197808 0.202536 0.207295 0.212073 0.216861 0.221647 0.226419 0.231165 0.235871 0.240525 0.245112 0.24962 0.254034 0.25834 0.262524 0.266571 0.270468 0.2742 0.277753 0.281112 0.284264 0.287194 0.289889 0.292336 0.294519 0.296428 0.298049 0.299369 0.300378 0.301064 0.301418 0.301429 0.301091 0.300394 0.299333 0.297904 0.296101 0.293924 0.291371 0.288444 0.285143 0.281473 0.27744 0.27305 0.268312 0.263235 0.25783 0.25211 0.246088 0.239779 0.233198 0.22636 0.219284 0.211986 0.204485 0.196797 0.188941 0.180936 0.1728 0.164551
0.195423 0.200359 0.205353 0.210395 0.215477 0.220588 0.225718 0.230853 0.235983 0.241092 0.246168 0.251196 0.256161 0.261049 0.265843 0.270529 0.275091 0.279512 0.283777 0.28787 0.291774 0.295474 0.298954 0.302198 0.30519 0.307916 0.310359 0.312507 0.314345 0.315858 0.317035 0.317864 0.318333 0.318432 0.318151 0.317484 0.316422 0.314962 0.313098 0.310828 0.308152 0.30507 0.301586 0.297702 0.293425 0.288762 0.283723 0.278318 0.272558 0.266458 0.260031 0.253293 0.246262 0.238953 0.231386 0.223579 0.215551 0.207321 0.19891 0.190336 0.18162 0.172781
0.202685 0.207939 0.213262 0.218646 0.22408 0.229554 0.235056 0.240575 0.246095 0.251604 0.257086 0.262526 0.267908 0.273215 0.278431 0.283537 0.288517 0.293353 0.298027 0.30252 0.306816 0.310895 0.31474 0.318334 0.321659 0.324697 0.327432 0.329848 0.33193 0.333661 0.335029 0.336019 0.33662 0.33682 0.336609 0.335978 0.334921 0.33343 0.331503 0.329137 0.32633 0.323084 0.319401 0.315286 0.310745 0.305787 0.300421 0.294659 0.288513 0.281998 0.275129 0.267924 0.260401 0.252577 0.244473 0.236108 0.227504 0.218682 0.209661 0.200465 0.191114 0.18163
0.210274 0.215872 0.221553 0.227307 0.233124 0.238994 0.244903 0.25084 0.25679 0.262737 0.268666 0.274559 0.2804 0.28617 0.29185 0.297422 0.302865 0.30816 0.313287 0.318226 0.322956 0.327457 0.33171 0.335693 0.339388 0.342776 0.345837 0.348554 0.350909 0.352885 0.354468 0.355641 0.356392 0.356708 0.356579 0.355994 0.354946 0.353428 0.351437 0.348968 0.346022 0.3426 0.338704 0.334339 0.329513 0.324234 0.318513 0.312362 0.305795 0.298828 0.291478 0.283763 0.275702 0.267315 0.258624 0.24965 0.240416 0.230944 0.221257 0.211379 0.201333 0.191141
0.218203 0.224174 0.230242 0.236398 0.242632 0.248932 0.255287 0.261681 0.2681 0.274528 0.280948 0.28734 0.293686 0.299966 0.306159 0.312244 0.3182 0.324003 0.329632 0.335064 0.340276 0.345246 0.349951 0.354368 0.358475 0.362252 0.365677 0.36873 0.371391 0.373642 0.375466 0.376846 0.377768 0.378217 0.378183 0.377653 0.376621 0.375078 0.373021 0.370445 0.367351 0.363739 0.359614 0.354979 0.349844 0.344217 0.33811 0.331536 0.324511 0.317052 0.309176 0.300904 0.292256 0.283254 0.273921 0.264281 0.254358 0.244176 0.23376 0.223136 0.212328 0.201363
0.226484 0.232858 0.239346 0.245938 0.252625 0.259395 0.266235 0.273129 0.280063 0.287018 0.293975 0.300915 0.307817 0.314658 0.321416 0.328068 0.334589 0.340954 0.347138 0.353116 0.358862 0.36435 0.369556 0.374455 0.37902 0.38323 0.387059 0.390487 0.39349 0.396048 0.398143 0.399755 0.40087 0.401471 0.401545 0.401082 0.400071 0.398506 0.396381 0.393693 0.390441 0.386627 0.382254 0.377328 0.371858 0.365853 0.359327 0.352294 0.34477 0.336774 0.328325 0.319445 0.310156 0.300483 0.290449 0.280081 0.269404 0.258446 0.247233 0.235793 0.224153 0.212342
0.235132 0.241941 0.248883 0.255949 0.263128 0.270409 0.277778 0.285219 0.292714 0.300245 0.307792 0.315333 0.322845 0.330303 0.337683 0.344958 0.352101 0.359085 0.365882 0.372462 0.378798 0.38486 0.390621 0.396052 0.401125 0.405815 0.410093 0.413936 0.41732 0.42022 0.422617 0.42449 0.425821 0.426594 0.426793 0.426408 0.425427 0.423842 0.421648 0.418841 0.415421 0.411389 0.40675 0.401509 0.395676 0.389262 0.38228 0.374747 0.366681 0.3581 0.349027 0.339485 0.329498 0.319091 0.308293 0.297129 0.28563 0.273824 0.261741 0.24941 0.236861 0.224126
0.24416 0.251438 0.258872 0.266451 0.274165 0.282002 0.289946 0.297982 0.306091 0.314252 0.322444 0.330642 0.338823 0.346958 0.35502 0.36298 0.370807 0.378472 0.385942 0.393186 0.400172 0.406867 0.41324 0.419259 0.424893 0.430113 0.434889 0.439192 0.442997 0.446278 0.449011 0.451174 0.452748 0.453713 0.454055 0.45376 0.452816 0.451215 0.44895 0.446019 0.442419 0.438154 0.433227 0.427646 0.421421 0.414563 0.407087 0.399012 0.390355 0.381139 0.371386 0.361123 0.350374 0.33917 0.327537 0.315508 0.303112 0.290381 0.277348 0.264045 0.250505 0.236761
0.253582 0.261367 0.269331 0.277466 0.28576 0.2942 0.30277 0.311454 0.320231 0.329079 0.337975 0.346892 0.355803 0.364679 0.373488 0.382198 0.390776 0.399188 0.407398 0.415371 0.42307 0.430461 0.437507 0.444173 0.450426 0.45623 0.461554 0.466366 0.470637 0.474339 0.477444 0.47993 0.481773 0.482955 0.483457 0.483265 0.482367 0.480753 0.478416 0.475353 0.471562 0.467047 0.461811 0.455863 0.449212 0.441874 0.433863 0.425199 0.415901 0.405995 0.395504 0.384456 0.37288 0.360806 0.348267 0.335294 0.321921 0.308184 0.294117 0.279756 0.265137 0.250295
0.263411 0.271742 0.28028 0.289015 0.297936 0.30703 0.31628 0.325667 0.335171 0.344767 0.354429 0.36413 0.373838 0.383522 0.393147 0.402678 0.412076 0.421305 0.430324 0.439095 0.447577 0.45573 0.463515 0.470892 0.477822 0.484269 0.490196 0.495567 0.500351 0.504516 0.508033 0.510876 0.513019 0.514441 0.515123 0.515048 0.514205 0.512581 0.51017 0.506968 0.502974 0.49819 0.492622 0.486277 0.479169 0.47131 0.46272 0.453417 0.443426 0.43277 0.421478 0.409579 0.397104 0.384087 0.370562 0.356564 0.342131 0.3273 0.312109 0.296598 0.280805 0.26477
0.273662 0.282581 0.291736 0.301119 0.310718 0.320519 0.330504 0.340654 0.350945 0.361353 0.371848 0.382401 0.392977 0.40354 0.414054 0.424478 0.434771 0.444891 0.454794 0.464436 0.473772 0.482759 0.491351 0.499504 0.507177 0.514327 0.520914 0.526899 0.532246 0.53692 0.54089 0.544125 0.546598 0.548287 0.549169 0.549228 0.548448 0.546819 0.544332 0.540983 0.536772 0.5317 0.525775 0.519004 0.511401 0.502981 0.493764 0.483772 0.473029 0.461562 0.449402 0.436581 0.423133 0.409093 0.394499 0.37939 0.363806 0.347789 0.33138 0.314621 0.297556 0.280227
0.284346 0.293896 0.303716 0.313796 0.324126 0.334689 0.345469 0.356443 0.367587 0.378873 0.390271 0.401747 0.413263 0.424781 0.43626 0.447654 0.45892 0.470009 0.480873 0.491463 0.50173 0.511624 0.521095 0.530096 0.538578 0.546495 0.553803 0.560458 0.56642 0.571652 0.576116 0.579782 0.582619 0.584601 0.585706 0.585913 0.585207 0.583576 0.581011 0.577508 0.573065 0.567686 0.561377 0.554147 0.546012 0.536987 0.527095 0.516358 0.504803 0.492461 0.479363 0.465545 0.451044 0.435898 0.420148 0.403838 0.38701 0.369709 0.351982 0.333873 0.315432 0.296704
0.295476 0.305702 0.316235 0.327064 0.338179 0.349564 0.361198 0.373061 0.385125 0.397359 0.409732 0.422205 0.434739 0.44729 0.459812 0.472258 0.484576 0.496715 0.508621 0.520239 0.531515 0.542394 0.55282 0.562741 0.572103 0.580854 0.588945 0.59633 0.602962 0.6088 0.613806 0.617942 0.621176 0.623481 0.62483 0.625202 0.624581 0.622953 0.620308 0.616641 0.611952 0.606244 0.599524 0.591802 0.583095 0.57342 0.5628 0.551261 0.538832 0.525546 0.511437 0.496544 0.480907 0.464568 0.447572 0.429965 0.411794 0.393109 0.373959 0.354396 0.334469 0.314232
0.307062 0.31801 0.329305 0.340937 0.352894 0.365159 0.377713 0.39053 0.403582 0.416838 0.430259 0.443807 0.457437 0.471101 0.484749 0.498329 0.511784 0.525056 0.538087 0.550817 0.563184 0.575128 0.586587 0.597503 0.607817 0.617472 0.626413 0.634588 0.641947 0.648444 0.654036 0.658684 0.662352 0.665009 0.666626 0.667181 0.666655 0.665033 0.662306 0.658468 0.653517 0.647458 0.640299 0.63205 0.622729 0.612356 0.600955 0.588555 0.575187 0.560886 0.54569 0.529641 0.512783 0.49516 0.476823 0.457821 0.438206 0.418031 0.397351 0.376221 0.354697 0.332836
0.319109 0.330828 0.342937 0.355426 0.368283 0.38149 0.395027 0.408866 0.422979 0.437328 0.451875 0.466576 0.481382 0.496243 0.511102 0.5259 0.540577 0.55507 0.569312 0.583237 0.596779 0.60987 0.622443 0.634432 0.645773 0.656403 0.66626 0.675289 0.683434 0.690644 0.696872 0.702074 0.706212 0.709251 0.711161 0.711916 0.711497 0.709886 0.707075 0.703056 0.697828 0.691396 0.683767 0.674955 0.664978 0.653858 0.641621 0.628298 0.613923 0.598535 0.582174 0.564885 0.546717 0.527718 0.507942 0.487444 0.466279 0.444506 0.422185 0.399375 0.376138 0.352535
0.331623 0.344161 0.357135 0.370537 0.384353 0.398565 0.41315 0.428081 0.443325 0.458843 0.474593 0.490527 0.506593 0.522733 0.538887 0.554991 0.570978 0.586778 0.602318 0.617527 0.632329 0.646651 0.66042 0.673562 0.686006 0.697683 0.708527 0.718474 0.727464 0.735442 0.742355 0.748156 0.752801 0.756254 0.758482 0.759456 0.759155 0.757561 0.754663 0.750454 0.744933 0.738104 0.729976 0.720565 0.709888 0.697971 0.684841 0.670533 0.655082 0.638531 0.620925 0.602311 0.582742 0.562271 0.540957 0.518859 0.496037 0.472556 0.448479 0.423873 0.398804 0.37334
0.344605 0.358011 0.371903 0.386272 0.401106 0.416385 0.432085 0.448176 0.464624 0.481387 0.498418 0.515665 0.533072 0.550577 0.568113 0.58561 0.602994 0.620189 0.637116 0.653695 0.669845 0.685483 0.70053 0.714905 0.72853 0.741329 0.753229 0.764161 0.774058 0.782859 0.790508 0.796952 0.802144 0.806044 0.808615 0.809827 0.809656 0.808084 0.805097 0.800689 0.794858 0.78761 0.778953 0.768904 0.757484 0.744719 0.730639 0.715281 0.698685 0.680895 0.661961 0.641935 0.620874 0.598835 0.575881 0.552077 0.52749 0.502187 0.47624 0.44972 0.4227 0.395253
