MatLab_Code/mc_gn2e.grd
DSAA
241 241
-2000 22000
-2000 22000
-1.7127633094788 3.0242972373962
[rows 200 to 219 of 241, columns 90 to 134 of 241]
0.12952107191086 0.10349532216787 0.11610981822014 0.12047701328993 0.11144087463617 0.11174187064171 0.1409347653389 0.1042320728302 0.1064879745245 0.096810758113861 0.06723690032959 0.12703119218349 0.098531618714333 0.093118987977505 0.095064848661423 0.081212177872658 0.10547752678394 0.096013396978378 0.10599340498447 0.11954040080309 0.066056527197361 0.095589950680733 0.092803843319416 0.058130688965321 0.046377994120121 0.057875085622072 0.060409743338823 0.059970010071993 0.045247562229633 0.071768537163734 0.037678800523281 0.063500612974167 0.048347007483244 0.027501899749041 0.041967391967773 0.05040143430233 0.07216888666153 0.061303324997425 -0.0016506598331034 0.0056544900871813 0.025237822905183 0.05996023863554 0.018474359065294 0.021301364526153 0.031587943434715
0.12569750845432 0.13531705737114 0.11553803086281 0.078813754022121 0.07576572149992 0.13145950436592 0.076685421168804 0.063845410943031 0.12545169889927 0.10233137756586 0.1011076644063 0.099814273416996 0.086513586342335 0.070998251438141 0.088962130248547 0.081397846341133 0.10446314513683 0.093302614986897 0.090261153876781 0.067437082529068 0.10056862235069 0.063186153769493 0.05082830041647 0.065381720662117 0.04372201114893 0.045061398297548 0.027800019830465 0.075471550226212 0.033651996403933 0.014074347913265 0.038080465048552 0.037088945508003 0.023937184363604 0.026171332225204 0.030847435817122 -0.018461264669895 0.041351389139891 0.021148251369596 0.03447100520134 0.037919592112303 0.03263695538044 0.026289628818631 0.051130957901478 0.027013024315238 0.045660324394703
0.10391613095999 0.074550822377205 0.084517784416676 0.12335581332445 0.073149092495441 0.09731911867857 0.094341158866882 0.064658835530281 0.10019034892321 0.08578310161829 0.10256195068359 0.070286639034748 0.096059747040272 0.098491035401821 0.060073550790548 0.12190844863653 0.062836959958076 0.071590527892113 0.086981728672981 0.09049079567194 0.12156122922897 0.1035847440362 0.074584014713764 0.054489456117153 0.051785733550787 0.10357674956322 0.029181240126491 0.043784786015749 0.041648499667645 0.060329161584377 0.075370192527771 0.095825523138046 0.045088339596987 0.039158802479506 0.068164721131325 0.047826286405325 0.064925037324429 0.05084915459156 0.023294890299439 0.013083239085972 0.042393762618303 0.021996811032295 0.03727475553751 0.041848920285702 0.011896115727723
0.082796238362789 0.12314465641975 0.10288743674755 0.12416142970324 0.10504553467035 0.069943889975548 0.073856137692928 0.084876641631126 0.066743016242981 0.097219794988632 0.057129666209221 0.073039777576923 0.058079544454813 0.1031117066741 0.045474227517843 0.10102247446775 0.050636153668165 0.070768348872662 0.076031997799873 0.068271122872829 0.075274392962456 0.090118318796158 0.098385848104954 0.023490332067013 0.044190749526024 0.044906042516232 0.059160839766264 0.009932235814631 0.056629598140717 0.030669843778014 0.088055916130543 0.061143465340137 0.046376377344131 0.044888213276863 0.037942167371511 0.056383769959211 0.020412379875779 0.032942716032267 0.031675010919571 0.030913917347789 0.014962726272643 0.03483921661973 0.062539920210838 0.013212371617556 0.031781129539013
0.14478586614132 0.11399357020855 0.049447387456894 0.075740493834019 0.079063542187214 0.11845739930868 0.095915615558624 0.069959543645382 0.090599730610847 0.052761174738407 0.08679361641407 0.10319339483976 0.094102047383785 0.062645561993122 0.082893006503582 0.071736231446266 0.050479535013437 0.049812063574791 0.052272282540798 0.06177707016468 0.074035689234734 0.069320619106293 0.075731739401817 0.11005178838968 0.02818801254034 0.0097822099924088 0.025627428665757 0.033809427171946 0.042787279933691 0.04609801620245 0.049702022224665 0.056984398514032 0.04833248257637 0.031198715791106 0.045262739062309 0.048923172056675 0.019462008029222 0.067471526563168 0.014707745052874 0.024243593215942 0.018793638795614 0.032681215554476 0.033115904778242 0.013042388483882 0.037102587521076
0.10035163909197 0.11786747723818 0.12741397321224 0.10886991769075 0.079026140272617 0.097614608705044 0.089343287050724 0.11510304361582 0.086891956627369 0.04066376388073 0.071253582835197 0.047495748847723 0.086400993168354 0.090280450880527 0.099238477647305 0.049918539822102 0.059222973883152 0.075832329690456 0.073716379702091 0.070844098925591 0.089045949280262 0.045517481863499 0.052097946405411 0.027438130229712 0.061834950000048 0.033372607082129 0.01646226644516 0.07343839854002 0.065255723893642 0.078105546534061 0.050603054463863 0.015055451542139 0.049179349094629 0.03254497423768 0.028392409905791 0.039102748036385 0.028598433360457 0.035928562283516 0.02188803255558 0.054610468447208 -0.020271373912692 0.022436141967773 0.023349260911345 -0.0046420986764133 0.036858133971691
0.10667851567268 0.072493374347687 0.10702776908875 0.036540318280458 0.11102785915136 0.071196638047695 0.076816879212856 0.057710252702236 0.081739358603954 0.081699378788471 0.12301705032587 0.070349521934986 0.095518410205841 0.090119197964668 0.098241284489632 0.083189062774181 0.071278385818005 0.028899313881993 0.086921416223049 0.082747250795364 0.069184832274914 0.068984180688858 0.056117884814739 0.03185123950243 0.048492964357138 0.057420484721661 0.033124528825283 0.051681384444237 0.041249684989452 0.05226331949234 0.052794102579355 0.051059197634459 0.020999133586884 0.0094949090853333 0.048833955079317 0.019398104399443 0.018796611577272 0.043172176927328 0.019138619303703 0.032693982124329 0.031852796673775 0.040306814014912 0.0080033177509904 0.028841992840171 0.057674966752529
0.10156562179327 0.065337546169758 0.095402903854847 0.096940226852894 0.042879685759544 0.088136538863182 0.081283450126648 0.059789981693029 0.069577969610691 0.073604859411716 0.058868817985058 0.11184095591307 0.063956499099731 0.077204532921314 0.073615364730358 0.065396822988987 0.040168009698391 0.095159910619259 0.033306788653135 0.031289011240005 0.077171288430691 0.045658838003874 0.049424517899752 0.043117869645357 0.02063156850636 0.10135450959206 0.043623056262732 0.049061510711908 0.015417581424117 0.053572550415993 0.020452143624425 0.035871829837561 0.045467812567949 0.033492803573608 0.061524923890829 0.039663586765528 0.019143860787153 0.050292957574129 0.026441583409905 0.01923662237823 0.021217700093985 0.062806740403175 0.031573422253132 0.014489939436316 0.01103051006794
0.09442526102066 0.094455242156982 0.05931618064642 0.091699913144112 0.060663551092148 0.05550679937005 0.071261622011662 0.035742353647947 0.063557729125023 0.089998751878738 0.045098289847374 0.04363389313221 0.083227604627609 0.064688593149185 0.083481386303902 0.042836118489504 0.047477833926678 0.057403028011322 0.093109138309956 0.064011916518211 0.047621689736843 0.046238370239735 0.06283924728632 0.040556952357292 0.05604001507163 0.034016601741314 0.031988214701414 0.022737912833691 0.045127116143703 0.026897756382823 0.027883438393474 0.032821871340275 0.027561228722334 0.032597493380308 -0.015150402672589 0.035110332071781 0.01987405307591 0.038478281348944 0.031353734433651 0.022172367200255 0.040564183145761 0.014295629225671 0.024209637194872 0.047451142221689 0.015219342894852
0.047850489616394 0.03811477124691 0.095862932503223 0.073952585458755 0.10369596630335 0.10645904392004 0.076462030410767 0.071663342416286 0.055672910064459 0.048613805323839 0.038673177361488 0.061278685927391 0.071399003267288 0.044166047126055 0.088142931461334 0.06075282022357 0.058350309729576 0.080323465168476 0.03685250505805 0.046612750738859 0.017025781795383 0.066274672746658 0.047502491623163 0.059021700173616 0.061995442956686 0.047593764960766 0.029705844819546 0.028807923197746 0.053236018866301 0.060096081346273 0.0377929918468 0.052730534225702 0.041206400841475 0.019185684621334 0.016922950744629 0.059587266296148 0.047994706779718 0.033470619469881 0.026586957275867 0.035928845405579 0.026848878711462 0.045111142098904 0.023166742175817 0.0036388502921909 -0.0054313531145453
0.0629962682724 0.037027798593044 0.063586063683033 0.065094985067844 0.07982973754406 0.086365304887295 0.051097672432661 0.1113359183073 0.10277687013149 0.091154009103775 0.095296561717987 0.059100780636072 0.06154054030776 0.022309014573693 0.04398925229907 0.040898185223341 0.084156692028046 0.052677694708109 0.073998972773552 0.042178504168987 0.095596499741077 0.024965109303594 0.022574424743652 0.01980104111135 0.04018759354949 0.054504714906216 0.066306710243225 0.045145895332098 0.068772621452808 0.06344049423933 0.0048327650874853 0.010391630232334 0.017288384959102 0.045756056904793 0.045956037938595 0.018147494643927 0.028903083875775 0.0064523825421929 0.0062645142897964 0.022387936711311 -0.019537635147572 0.005005813203752 0.020946299657226 0.016729008406401 0.024276569485664
0.061089232563972 0.10766316205263 0.10200222581625 0.10188238322735 0.084111578762531 0.109310105443 0.082650363445282 0.10495308786631 0.041776973754168 0.075459420681 0.04860320314765 0.11943837255239 0.03851131349802 0.031824719160795 0.029095953330398 0.023143550381064 0.085355587303638 0.041977595537901 0.040615502744913 0.044229231774807 0.050721473991871 0.055436093360186 0.048336986452341 0.027655106037855 0.05596974119544 0.073901228606701 0.068243376910686 0.017006425186992 0.035701595246792 0.057580515742302 0.035174705088139 0.022091807797551 0.02663940936327 0.033171493560076 0.050747659057379 0.023018587380648 0.055458284914494 0.025779625400901 0.02310405112803 -4.8710109695094E-005 -0.024592408910394 -0.0043811611831188 -0.00018677845946513 0.0072030099108815 0.027082994580269
0.10867010802031 0.085746444761753 0.087103009223938 0.015919126570225 0.048187345266342 0.062845170497894 0.093295253813267 0.074389636516571 0.092622667551041 0.058644998818636 0.054718572646379 0.040433879941702 0.086610175669193 0.06517443805933 0.052038192749023 0.071742162108421 0.054308239370584 0.026547461748123 0.031318008899689 0.047644998878241 0.076007761061192 0.039056602865458 0.019516786560416 0.033206976950169 0.024017626419663 0.02992432564497 0.077067792415619 0.027212750166655 0.042732857167721 0.051618982106447 0.04037768766284 0.062509045004845 0.057242017239332 0.045722804963589 0.043467916548252 0.0081931510940194 0.043982528150082 0.08266082406044 0.0025089255068451 0.013111603446305 0.059468951076269 -0.0089078117161989 0.0079555436968803 0.013224109075963 0.048198122531176
0.050794541835785 0.072963438928127 0.046402812004089 0.076535694301128 0.076287522912025 0.07655194401741 0.038752544671297 0.065814644098282 0.052749529480934 0.10915956646204 0.033416111022234 0.047625280916691 0.068540133535862 0.047434400767088 0.06609271466732 0.01671471260488 0.064540669322014 0.031855124980211 0.015838636085391 0.087707042694092 0.052022915333509 0.04348523914814 0.040306434035301 0.024489112198353 0.001096838968806 0.039044849574566 0.052465181797743 0.022322297096252 0.027973046526313 0.054013855755329 0.045458052307367 0.026313487440348 0.014442940242589 0.046829897910357 0.034658744931221 0.025887301191688 0.036363713443279 -0.0042018471285701 0.035996455699205 0.033861946314573 0.034338116645813 0.016306523233652 0.034277223050594 -0.013454517349601 0.025320833548903
0.023788899183273 0.051219504326582 0.048090152442455 0.048480242490768 0.055139198899269 0.045210648328066 0.036205127835274 0.048519615083933 0.030445884913206 0.083361506462097 0.047447290271521 0.045667491853237 0.043845769017935 0.042052034288645 0.02874449454248 0.037507262080908 0.033391606062651 0.046410903334618 0.05895858258009 0.044056870043278 0.048405591398478 0.027489326894283 0.069014571607113 0.01274702232331 0.024303279817104 0.030443154275417 0.032699629664421 0.036958582699299 0.033315759152174 0.033811990171671 0.039548125118017 0.017782714217901 0.070543006062508 0.010208187624812 0.04573517665267 0.048162534832954 0.0037052975967526 -0.028337985277176 0.035302996635437 0.024772519245744 0.024164829403162 0.020924465730786 0.014586271718144 0.022376557812095 0.032305497676134
0.062469378113747 0.067638128995895 0.045010849833488 0.098261713981628 0.05731163173914 0.059157084673643 0.094835124909878 0.061561033129692 0.037510246038437 0.02936770953238 0.049309603869915 0.045858554542065 0.050997391343117 0.066339753568172 0.062537975609303 0.04753053188324 0.046471178531647 0.039660077542067 0.066302455961704 0.028738811612129 0.049887731671333 0.058700174093246 -0.0019915569573641 0.02358659915626 0.031484752893448 0.013621686026454 0.0094450516626239 0.056196883320808 0.028160246089101 0.028898380696774 0.043088637292385 0.053971514105797 0.074935972690582 0.021735474467278 0.065350569784641 0.044853549450636 0.028062982484698 0.031352169811726 0.015599031001329 0.008156874217093 0.0054274350404739 0.040698118507862 0.025175226852298 0.040304157882929 0.019985323771834
0.038713872432709 0.091503724455833 0.081591002643108 0.05019111931324 0.032859861850739 0.067770406603813 0.057964690029621 0.062934324145317 0.041947059333324 0.090335838496685 0.02932907640934 0.050996042788029 0.066469170153141 0.086371243000031 0.032703392207623 0.022169029340148 0.024377563968301 0.064597047865391 0.042549353092909 0.038725450634956 0.028777511790395 0.040977571159601 0.011946338228881 0.052214082330465 0.051695164293051 0.015391581691802 0.037523496896029 0.0075729438103735 0.031165668740869 0.029714670032263 0.019940625876188 0.070493869483471 0.018242428079247 0.035541847348213 0.043449927121401 0.020493460819125 0.0313502214849 0.032907258719206 -0.0020648257341236 0.006072592921555 0.01662995480001 0.0013602017425001 0.043260160833597 0.023082040250301 0.020009623840451
0.067389130592346 0.04097718372941 0.063345484435558 0.058570709079504 0.06224325299263 0.073316909372807 0.035638492554426 0.0066964370198548 0.058873645961285 0.053786162286997 0.046640016138554 0.047707986086607 0.019992172718048 0.027076231315732 0.042617201805115 0.050656642764807 0.041534729301929 0.031556062400341 0.031270615756512 0.020780678838491 0.074737891554832 0.036127593368292 0.025345344096422 0.02822045609355 0.020333625376225 0.017980325967073 -0.0071583148092031 0.033976305276155 0.057385928928852 0.027894873172045 0.055388115346432 0.02100770175457 0.037156794220209 0.017181469127536 -0.0050104279071093 0.0087524233385921 0.037847358733416 0.024472586810589 0.051082890480757 0.028644604608417 -0.020005969330668 0.027063369750977 0.0097465608268976 0.0057092751376331 -0.0073871249333024
0.031555518507957 0.053613916039467 0.07633300870657 0.092648439109325 0.10579716414213 0.065377578139305 0.0456288382411 0.034884996712208 0.072212040424347 0.048580717295408 0.07647031545639 0.042270991951227 0.077002659440041 0.046568214893341 0.0563556663692 0.018903868272901 0.080331780016422 0.053964335471392 0.024925934150815 0.051764864474535 0.031851023435593 0.059240348637104 0.045649666339159 0.056980647146702 0.041458465158939 0.033504787832499 0.031000526621938 0.053498860448599 0.058150559663773 0.021391427144408 0.050191193819046 0.016991682350636 0.052400700747967 0.040376771241426 0.0094193704426289 0.026144502684474 0.010974834673107 0.014339677989483 0.0082071647047997 -0.0011130737839267 0.0045234700664878 0.030564932152629 0.052850797772408 -0.0018700553337112 0.018190801143646
0.069207519292831 0.055893663316965 0.04055267944932 0.069013699889183 0.018247606232762 0.059853482991457 0.066783204674721 0.02057315222919 0.035097151994705 0.040789034217596 0.079925209283829 0.04650566726923 0.085809864103794 0.060724798589945 0.048032566905022 0.054281808435917 0.014524895697832 0.053945459425449 0.04375184699893 0.026317628100514 0.1043566763401 0.021146107465029 0.0028363261371851 0.069038733839989 0.0023308414965868 0.019521689042449 0.040068000555038 0.055820178240538 0.051537055522203 0.031867533922195 0.056795544922352 0.0118991388008 0.017682483419776 0.048147026449442 0.021101089194417 -0.0030402110423893 0.01558090467006 0.030113043263555 0.029307179152966 0.013967501930892 -0.0010824329219759 0.047847833484411 0.017345415428281 0.031050996854901 0.028536399826407
