MatLab_Code/mc_gn2e_pu.grd
DSAA
241 241
-2000 22000
-2000 22000
-1.5454 2.93447
[rows 168 to 195 of 241, columns 124 to 185 of 241]
0.0902312 0.0745095 0.0597286 0.0458666 0.0328931 0.0207719 0.00946286 -0.00107605 -0.0108871 -0.0200112 -0.0284874 -0.0363515 -0.0436368 -0.0503735 -0.0565898 -0.0623127 -0.0675698 -0.0723903 -0.0768075 -0.0808603 -0.0845959 -0.0880709 -0.0913543 -0.094528 -0.0976889 -0.100949 -0.104438 -0.108297 -0.112686 -0.117773 -0.12374 -0.130771 -0.139055 -0.148776 -0.160107 -0.17321 -0.18822 -0.205246 -0.224358 -0.245584 -0.268905 -0.294246 -0.321474 -0.350397 -0.38076 -0.41225 -0.444496 -0.477075 -0.509523 -0.541338 -0.571997 -0.600966 -0.627715 -0.651732 -0.672537 -0.689697 -0.702841 -0.711668 -0.715961 -0.715588 -0.710513 -0.700796
0.0873534 0.0724184 0.0583858 0.045234 0.0329342 0.0214516 0.0107479 0.000783154 -0.00848268 -0.0170886 -0.0250712 -0.0324649 -0.0393007 -0.0456075 -0.0514122 -0.0567408 -0.0616198 -0.0660782 -0.0701488 -0.0738705 -0.0772903 -0.0804654 -0.0834648 -0.0863711 -0.0892817 -0.0923095 -0.095583 -0.0992464 -0.103458 -0.108388 -0.114216 -0.121129 -0.129314 -0.138956 -0.150228 -0.16329 -0.178277 -0.195298 -0.214422 -0.235678 -0.259043 -0.284442 -0.311742 -0.340749 -0.371209 -0.402807 -0.435171 -0.467878 -0.500462 -0.532423 -0.563235 -0.592366 -0.619284 -0.643477 -0.664465 -0.681816 -0.695157 -0.704187 -0.708689 -0.708532 -0.703678 -0.694187
0.0843106 0.0701687 0.056886 0.0444419 0.0328088 0.0219536 0.0118401 0.00243076 -0.00631227 -0.0144254 -0.0219431 -0.0288972 -0.0353169 -0.0412289 -0.0466584 -0.05163 -0.0561691 -0.0603034 -0.0640649 -0.067492 -0.070631 -0.0735388 -0.0762841 -0.0789492 -0.0816312 -0.0844428 -0.0875123 -0.0909833 -0.0950136 -0.0997732 -0.105441 -0.112204 -0.120246 -0.129753 -0.140897 -0.153837 -0.168708 -0.185616 -0.204631 -0.225779 -0.24904 -0.274338 -0.301538 -0.330449 -0.360816 -0.392325 -0.424607 -0.45724 -0.489759 -0.521666 -0.55244 -0.581548 -0.608463 -0.632674 -0.653704 -0.671123 -0.684559 -0.693714 -0.698369 -0.698396 -0.693756 -0.684506
0.0811599 0.0678118 0.0552761 0.0435331 0.0325566 0.0223154 0.0127754 0.00390159 -0.0043413 -0.0119871 -0.0190675 -0.0256118 -0.0316468 -0.0371971 -0.0422858 -0.0469355 -0.05117 -0.0550156 -0.0585029 -0.0616692 -0.0645598 -0.0672306 -0.0697492 -0.0721972 -0.0746706 -0.0772811 -0.0801559 -0.0834374 -0.0872822 -0.0918587 -0.0973449 -0.103925 -0.111783 -0.121101 -0.132052 -0.144791 -0.159454 -0.176145 -0.194932 -0.215843 -0.238857 -0.263897 -0.290833 -0.319471 -0.349562 -0.380793 -0.412798 -0.44516 -0.477419 -0.509081 -0.539629 -0.568538 -0.595282 -0.619359 -0.640295 -0.657663 -0.671096 -0.680299 -0.685055 -0.685235 -0.680802 -0.671813
0.0779577 0.0653982 0.0536017 0.0425492 0.032216 0.0225727 0.0135878 0.00522866 -0.00253719 -0.00974071 -0.0164108 -0.0225741 -0.0282546 -0.0334744 -0.0382543 -0.0426148 -0.0465776 -0.0501673 -0.0534127 -0.0563495 -0.0590216 -0.0614831 -0.0638005 -0.0660535 -0.0683366 -0.0707597 -0.0734483 -0.0765427 -0.0801974 -0.0845787 -0.0898621 -0.096229 -0.103862 -0.112941 -0.123636 -0.1361 -0.150467 -0.166841 -0.185289 -0.205839 -0.228468 -0.253103 -0.279615 -0.307814 -0.337452 -0.368224 -0.399767 -0.431671 -0.463483 -0.494716 -0.52486 -0.553398 -0.579814 -0.60361 -0.624321 -0.641526 -0.654863 -0.664042 -0.668847 -0.669154 -0.664924 -0.656214
0.0747576 0.0629761 0.051906 0.0415294 0.0318228 0.0227591 0.014309 0.00644246 -0.00086994 -0.00765628 -0.0139425 -0.0197523 -0.0251069 -0.0300257 -0.0345268 -0.0386285 -0.0423502 -0.0457142 -0.0487475 -0.0514836 -0.0539646 -0.0562426 -0.0583819 -0.0604603 -0.06257 -0.0648184 -0.0673285 -0.070238 -0.0736984 -0.0778729 -0.0829341 -0.0890602 -0.0964309 -0.105223 -0.115602 -0.127722 -0.141712 -0.157675 -0.175679 -0.195749 -0.217866 -0.241957 -0.267896 -0.295497 -0.324518 -0.354658 -0.385565 -0.416834 -0.448023 -0.478653 -0.508226 -0.536233 -0.562169 -0.585547 -0.60591 -0.622846 -0.636 -0.645086 -0.649895 -0.650303 -0.646273 -0.637859
0.0716098 0.06059 0.050229 0.0405095 0.0314098 0.0229047 0.0149673 0.00757041 0.000687393 -0.00570677 -0.011635 -0.0171179 -0.0221738 -0.0268192 -0.0310697 -0.0349408 -0.0384495 -0.0416157 -0.0444642 -0.0470261 -0.0493411 -0.051459 -0.0534417 -0.0553642 -0.057316 -0.0594016 -0.0617406 -0.0644672 -0.0677296 -0.0716871 -0.0765086 -0.0823682 -0.089442 -0.0979025 -0.107914 -0.119624 -0.133163 -0.14863 -0.166091 -0.185574 -0.207059 -0.230477 -0.255704 -0.282561 -0.310812 -0.340163 -0.37027 -0.40074 -0.431141 -0.461007 -0.489852 -0.51718 -0.542497 -0.565329 -0.58523 -0.601798 -0.614688 -0.623619 -0.628389 -0.628875 -0.625042 -0.616942
0.0685592 0.0582798 0.0486059 0.0395214 0.0310058 0.0230361 0.0155878 0.00863642 0.0021583 -0.00386856 -0.00946401 -0.0146456 -0.0194286 -0.0238267 -0.0278527 -0.0315193 -0.0348409 -0.037835 -0.0405236 -0.0429354 -0.0451074 -0.0470868 -0.0489324 -0.0507164 -0.0525247 -0.0544584 -0.0566333 -0.0591796 -0.0622412 -0.0659731 -0.0705394 -0.07611 -0.0828564 -0.0909467 -0.100541 -0.111785 -0.124804 -0.139696 -0.156528 -0.175325 -0.196071 -0.218699 -0.243089 -0.269068 -0.296408 -0.324824 -0.353984 -0.383506 -0.41297 -0.441924 -0.469898 -0.496409 -0.52098 -0.543149 -0.562484 -0.578595 -0.591146 -0.599865 -0.604556 -0.605099 -0.601461 -0.593692
0.065645 0.0560798 0.0470672 0.038592 0.0306351 0.0231756 0.0161913 0.00966061 0.0035626 -0.00212165 -0.00740894 -0.0123137 -0.0168484 -0.0210236 -0.0248492 -0.0283354 -0.0314937 -0.0343389 -0.0368904 -0.039174 -0.041224 -0.0430845 -0.044811 -0.0464723 -0.0481506 -0.0499429 -0.0519607 -0.0543298 -0.0571889 -0.0606883 -0.0649868 -0.0702492 -0.0766418 -0.0843281 -0.0934635 -0.10419 -0.11663 -0.130879 -0.147003 -0.165028 -0.184938 -0.206671 -0.230112 -0.255095 -0.281399 -0.308752 -0.336831 -0.365269 -0.393662 -0.421573 -0.448548 -0.47412 -0.49783 -0.519232 -0.537907 -0.553479 -0.565625 -0.574081 -0.578658 -0.57924 -0.575796 -0.568373
0.0628997 0.0540185 0.0456378 0.0377433 0.0303175 0.0233412 0.0167948 0.0106592 0.00491634 -0.000449703 -0.00545274 -0.0101043 -0.0144136 -0.0183887 -0.0220365 -0.0253642 -0.0283809 -0.0310984 -0.0335333 -0.0357087 -0.0376556 -0.039415 -0.0410389 -0.0425921 -0.044153 -0.045814 -0.0476819 -0.0498773 -0.0525338 -0.0557958 -0.0598167 -0.0647554 -0.0707726 -0.0780265 -0.0866677 -0.0968338 -0.108644 -0.122191 -0.13754 -0.154717 -0.173709 -0.194457 -0.216851 -0.240734 -0.265893 -0.292069 -0.318952 -0.346189 -0.373393 -0.400145 -0.426008 -0.450535 -0.473284 -0.493825 -0.511758 -0.526721 -0.538403 -0.546552 -0.550984 -0.551589 -0.548336 -0.541272
0.0603487 0.0521178 0.0443368 0.0369921 0.0300677 0.0235464 0.0174108 0.0116443 0.00623181 0.00116002 -0.00358189 -0.0080025 -0.0121083 -0.0159044 -0.0193948 -0.0225843 -0.025479 -0.0280879 -0.0304248 -0.0325098 -0.0343708 -0.0360452 -0.0375814 -0.0390403 -0.0404956 -0.0420352 -0.0437606 -0.045787 -0.048242 -0.0512642 -0.0550007 -0.0596041 -0.0652292 -0.0720283 -0.0801467 -0.0897174 -0.100855 -0.113652 -0.128171 -0.144438 -0.162442 -0.182128 -0.203394 -0.226088 -0.250011 -0.274914 -0.300502 -0.32644 -0.352355 -0.37785 -0.402505 -0.425895 -0.447596 -0.467198 -0.484319 -0.498613 -0.509781 -0.517583 -0.521843 -0.522458 -0.519395 -0.512701
0.0580104 0.0503933 0.0431773 0.0363497 0.0298958 0.0238002 0.0180479 0.0126246 0.00751768 0.00271681 -0.00178618 -0.00599707 -0.00991964 -0.0135562 -0.0169082 -0.0199776 -0.0227679 -0.0252853 -0.0275409 -0.0295516 -0.031342 -0.0329461 -0.0344084 -0.0357855 -0.0371466 -0.0385744 -0.040165 -0.0420279 -0.0442843 -0.0470665 -0.050515 -0.0547757 -0.059997 -0.0663249 -0.0738991 -0.0828477 -0.0932818 -0.10529 -0.118934 -0.134241 -0.151202 -0.169765 -0.189836 -0.211272 -0.233884 -0.257436 -0.281649 -0.306205 -0.33075 -0.354906 -0.378275 -0.400452 -0.421035 -0.439634 -0.455885 -0.469458 -0.480071 -0.487495 -0.491562 -0.492173 -0.489299 -0.482983
0.055896 0.0488542 0.0421669 0.0358223 0.029807 0.0241075 0.0187107 0.0136046 0.00877927 0.00422673 -5.85044e-05 -0.00407961 -0.00783777 -0.0113327 -0.0145633 -0.0175291 -0.0202307 -0.022672 -0.0248609 -0.0268115 -0.0285451 -0.030092 -0.0314929 -0.0327999 -0.0340776 -0.0354032 -0.0368673 -0.0385732 -0.0406356 -0.0431801 -0.0463402 -0.050255 -0.0550658 -0.0609123 -0.0679282 -0.0762362 -0.0859435 -0.0971357 -0.109873 -0.124183 -0.140059 -0.157454 -0.17628 -0.196403 -0.217647 -0.239788 -0.262564 -0.285675 -0.308787 -0.331541 -0.353563 -0.374469 -0.393879 -0.411423 -0.426758 -0.439572 -0.449597 -0.456616 -0.460471 -0.461069 -0.458382 -0.45245
0.0540099 0.0475035 0.0413077 0.0354113 0.0298024 0.0244692 0.0194003 0.0145861 0.0100188 0.00569298 0.00160548 -0.00224444 -0.00585552 -0.00922508 -0.0123497 -0.0152264 -0.0178534 -0.0202318 -0.0223671 -0.0242701 -0.0259591 -0.0274607 -0.0288116 -0.0300595 -0.0312639 -0.032497 -0.0338433 -0.0353996 -0.0372744 -0.0395859 -0.0424605 -0.0460301 -0.0504289 -0.0557898 -0.0622403 -0.0698977 -0.0788646 -0.0892239 -0.101034 -0.114323 -0.129086 -0.145283 -0.16283 -0.181603 -0.201439 -0.222127 -0.243423 -0.265044 -0.286677 -0.307986 -0.328616 -0.348209 -0.366405 -0.382858 -0.397244 -0.409269 -0.418681 -0.425277 -0.428907 -0.429483 -0.42698 -0.421435
0.0523503 0.0463387 0.0405967 0.0351137 0.0298791 0.0248825 0.0201146 0.0155676 0.0112359 0.00711627 0.00320775 -0.000488157 -0.00396799 -0.00722685 -0.0102591 -0.0130595 -0.0156241 -0.0179514 -0.0200443 -0.0219108 -0.0235658 -0.0250326 -0.0263438 -0.0275427 -0.0286839 -0.029834 -0.0310715 -0.0324871 -0.0341821 -0.0362676 -0.0388628 -0.042092 -0.0460821 -0.0509592 -0.0568441 -0.0638488 -0.0720712 -0.081591 -0.0924647 -0.104722 -0.118359 -0.13334 -0.149589 -0.166993 -0.185397 -0.204609 -0.224399 -0.244504 -0.264631 -0.284466 -0.303679 -0.321931 -0.338889 -0.354228 -0.367643 -0.37886 -0.387644 -0.393802 -0.397197 -0.397745 -0.395423 -0.390266
0.0509095 0.0453525 0.0400267 0.0349226 0.0300307 0.025342 0.0208489 0.0165455 0.012428 0.00849524 0.00474832 0.00119071 -0.00217213 -0.00533331 -0.00828525 -0.0110206 -0.0135331 -0.0158194 -0.0178795 -0.0197189 -0.0213494 -0.0227908 -0.0240717 -0.0252309 -0.0263184 -0.027395 -0.0285335 -0.0298178 -0.0313425 -0.0332114 -0.0355361 -0.0384335 -0.042023 -0.0464235 -0.0517494 -0.0581069 -0.0655893 -0.0742729 -0.0842126 -0.0954378 -0.107948 -0.121712 -0.13666 -0.152689 -0.169656 -0.187384 -0.20566 -0.224239 -0.242851 -0.261202 -0.278985 -0.295888 -0.311597 -0.32581 -0.338245 -0.348645 -0.356792 -0.362507 -0.36566 -0.366175 -0.36403 -0.359257
0.0496753 0.0445329 0.0395866 0.0348279 0.030248 0.0258395 0.0215962 0.0175139 0.0135906 0.00982689 0.00622566 0.00279216 -0.000466384 -0.00354132 -0.00642326 -0.00910301 -0.0115725 -0.0138261 -0.0158617 -0.017682 -0.019296 -0.02072 -0.021979 -0.0231075 -0.0241502 -0.025163 -0.0262124 -0.027376 -0.0287412 -0.0304049 -0.0324709 -0.0350485 -0.0382498 -0.0421863 -0.046966 -0.052689 -0.059444 -0.067304 -0.0763221 -0.0865277 -0.0979231 -0.11048 -0.124138 -0.138802 -0.154342 -0.170595 -0.187365 -0.204426 -0.221528 -0.238401 -0.25476 -0.270316 -0.284779 -0.297869 -0.309325 -0.318909 -0.326418 -0.331688 -0.334597 -0.335075 -0.333102 -0.328709
0.048631 0.0438646 0.0392626 0.0348167 0.0305196 0.0263649 0.0223479 0.0184657 0.0147181 0.0111071 0.00763714 0.00431511 0.00114974 -0.00184878 -0.00466954 -0.00730169 -0.0097355 -0.0119634 -0.0139811 -0.015789 -0.0173933 -0.0188071 -0.0200517 -0.0211574 -0.0221642 -0.0231225 -0.0240932 -0.0251472 -0.0263653 -0.0278368 -0.0296583 -0.0319315 -0.0347609 -0.0382508 -0.0425025 -0.0476104 -0.0536583 -0.0607158 -0.0688341 -0.0780428 -0.0883461 -0.0997204 -0.112112 -0.125435 -0.139571 -0.154373 -0.16966 -0.185225 -0.20084 -0.216255 -0.23121 -0.245436 -0.258669 -0.27065 -0.281138 -0.289915 -0.296793 -0.30162 -0.304286 -0.304725 -0.302919 -0.298897
0.0477571 0.0433299 0.0390382 0.0348746 0.0308327 0.026907 0.0230943 0.0193929 0.015804 0.0123309 0.00897942 0.0057578 0.00267604 -0.000254379 -0.00302121 -0.00561224 -0.00801621 -0.0102239 -0.0122291 -0.0140301 -0.0156303 -0.01704 -0.0182768 -0.0193671 -0.0203462 -0.0212595 -0.0221619 -0.0231182 -0.0242023 -0.0254965 -0.0270899 -0.0290767 -0.0315539 -0.0346188 -0.038366 -0.042884 -0.0482519 -0.0545357 -0.0617848 -0.0700285 -0.0792733 -0.0894996 -0.10066 -0.112679 -0.125449 -0.138836 -0.152678 -0.166784 -0.180947 -0.194939 -0.208521 -0.221448 -0.233478 -0.244374 -0.253915 -0.261901 -0.26816 -0.272553 -0.274979 -0.275378 -0.273733 -0.270071
0.0470315 0.0429086 0.0388956 0.0349857 0.0311731 0.0274537 0.023825 0.0202869 0.0168413 0.013493 0.0102489 0.00711812 0.00411193 0.00124281 -0.00147591 -0.00403085 -0.0064095 -0.00860116 -0.010598 -0.0123962 -0.0139969 -0.0154075 -0.0166423 -0.0177239 -0.0186833 -0.0195606 -0.0204053 -0.0212762 -0.0222404 -0.0233733 -0.0247568 -0.0264776 -0.0286254 -0.0312906 -0.0345611 -0.0385196 -0.0432404 -0.048786 -0.0552038 -0.0625231 -0.0707519 -0.0798749 -0.0898512 -0.100613 -0.112066 -0.124089 -0.136533 -0.14923 -0.161989 -0.174603 -0.186857 -0.198527 -0.209391 -0.219235 -0.227858 -0.235077 -0.240735 -0.244706 -0.246899 -0.247257 -0.245767 -0.242453
0.0464309 0.0425801 0.0388163 0.0351334 0.0315266 0.0279925 0.0245297 0.0211389 0.0178233 0.0145883 0.0114418 0.00839399 0.00545679 0.00264358 -3.14625e-05 -0.00255404 -0.00491059 -0.00708919 -0.00908055 -0.010879 -0.0124837 -0.0138993 -0.0151372 -0.0162161 -0.017163 -0.0180132 -0.0188108 -0.0196087 -0.0204677 -0.0214564 -0.0226494 -0.0241265 -0.0259703 -0.028264 -0.0310892 -0.0345229 -0.0386346 -0.0434833 -0.0491143 -0.0555567 -0.0628201 -0.070893 -0.0797405 -0.0893034 -0.0994978 -0.110215 -0.121324 -0.13267 -0.144084 -0.155378 -0.166357 -0.17682 -0.186566 -0.1954 -0.20314 -0.209622 -0.214703 -0.218268 -0.220235 -0.220554 -0.219211 -0.21623
0.0459315 0.0423229 0.0387814 0.0353015 0.031879 0.0285115 0.0251982 0.0219409 0.0187433 0.0156118 0.0125549 0.00958353 0.00671017 0.00394882 0.00131431 -0.00117837 -0.00351485 -0.0056822 -0.00766989 -0.00947074 -0.0110819 -0.0125057 -0.0137508 -0.0148324 -0.0157735 -0.016605 -0.0173659 -0.0181033 -0.0188721 -0.0197341 -0.0207574 -0.0220146 -0.0235813 -0.0255341 -0.0279484 -0.0308954 -0.0344401 -0.0386378 -0.0435318 -0.0491508 -0.0555058 -0.0625888 -0.0703706 -0.0788 -0.0878033 -0.0972843 -0.107126 -0.117191 -0.127327 -0.137367 -0.147134 -0.156449 -0.16513 -0.173003 -0.179904 -0.185683 -0.190213 -0.193392 -0.195143 -0.195424 -0.194221 -0.191555
0.0455096 0.0421162 0.0387726 0.0354739 0.0322167 0.0289991 0.0258211 0.0226851 0.0195955 0.0165592 0.0135855 0.0106854 0.00787201 0.00515973 0.00256379 9.96541e-05 -0.00221769 -0.00437454 -0.00635937 -0.00816368 -0.00978291 -0.0112173 -0.0124729 -0.0135618 -0.0145033 -0.0153241 -0.0160582 -0.0167476 -0.0174411 -0.0181945 -0.0190691 -0.020131 -0.021449 -0.0230934 -0.0251331 -0.0276343 -0.030657 -0.0342532 -0.0384642 -0.0433179 -0.0488266 -0.0549856 -0.0617709 -0.0691388 -0.0770251 -0.0853454 -0.0939962 -0.102857 -0.11179 -0.120648 -0.129274 -0.137506 -0.145183 -0.152149 -0.158256 -0.163373 -0.167383 -0.170196 -0.171744 -0.171987 -0.170916 -0.168548
0.0451424 0.0419399 0.0387726 0.035636 0.0325272 0.029445 0.0263899 0.0233649 0.0203748 0.0174272 0.0145313 0.0116988 0.00894277 0.00627791 0.00371965 0.00128376 -0.00101441 -0.00316059 -0.00514245 -0.0069504 -0.00857845 -0.010025 -0.0112936 -0.0123937 -0.0133411 -0.0141584 -0.0148754 -0.0155287 -0.0161618 -0.0168244 -0.0175718 -0.0184635 -0.019562 -0.0209312 -0.0226343 -0.024732 -0.02728 -0.0303269 -0.0339115 -0.0380613 -0.0427898 -0.0480947 -0.0539572 -0.0603404 -0.0671889 -0.0744296 -0.0819716 -0.0897086 -0.0975202 -0.105275 -0.112834 -0.120055 -0.126793 -0.13291 -0.138275 -0.142771 -0.146295 -0.148765 -0.150122 -0.15033 -0.149382 -0.147293
0.0448085 0.0417757 0.0387656 0.0357743 0.0327993 0.0298399 0.0268973 0.0239747 0.0210774 0.0182131 0.0153913 0.0126237 0.00992354 0.00730547 0.00478498 0.00237791 9.98302e-05 -0.00203465 -0.00401261 -0.00582361 -0.00746042 -0.00891982 -0.0102033 -0.0113177 -0.0122757 -0.0130963 -0.013805 -0.0144337 -0.0150207 -0.0156103 -0.0162516 -0.0169981 -0.0179064 -0.0190341 -0.0204391 -0.0221767 -0.0242984 -0.0268494 -0.0298663 -0.0333759 -0.0373922 -0.0419159 -0.0469322 -0.0524107 -0.0583043 -0.06455 -0.0710689 -0.0777682 -0.0845425 -0.0912766 -0.0978481 -0.104131 -0.109999 -0.115328 -0.120005 -0.123924 -0.126996 -0.129148 -0.130328 -0.130505 -0.12967 -0.12784
0.0444885 0.0416068 0.0387374 0.0358769 0.0330233 0.0301764 0.0273375 0.0245104 0.0217005 0.0189155 0.0161651 0.0134609 0.0108161 0.00824505 0.00576324 0.00338638 0.00113004 -0.000990978 -0.0029634 -0.00477611 -0.00642089 -0.00789316 -0.00919255 -0.0103236 -0.0112962 -0.012126 -0.0128345 -0.0134494 -0.0140041 -0.0145375 -0.0150934 -0.0157194 -0.0164663 -0.0173861 -0.0185313 -0.0199523 -0.0216964 -0.0238055 -0.0263141 -0.0292478 -0.0326215 -0.0364379 -0.0406863 -0.0453419 -0.0503653 -0.0557026 -0.0612862 -0.0670357 -0.0728595 -0.0786573 -0.0843221 -0.0897437 -0.0948113 -0.0994175 -0.103461 -0.10685 -0.109506 -0.111365 -0.112381 -0.112529 -0.111799 -0.110208
0.0441653 0.0414187 0.0386759 0.035934 0.0331914 0.0304482 0.0277062 0.024969 0.0222423 0.0195339 0.0168534 0.014212 0.0116227 0.00909982 0.0066583 0.00431369 0.0020814 -2.37807e-05 -0.00198838 -0.00380084 -0.00545216 -0.00693661 -0.00825226 -0.00940161 -0.010392 -0.0112361 -0.0119518 -0.0125627 -0.0130978 -0.0135912 -0.0140813 -0.0146105 -0.015224 -0.0159688 -0.0168918 -0.0180391 -0.0194538 -0.0211745 -0.0232337 -0.0256558 -0.0284563 -0.0316395 -0.0351984 -0.0391132 -0.0433514 -0.0478677 -0.0526044 -0.0574926 -0.0624536 -0.0674004 -0.0722405 -0.076878 -0.0812168 -0.0851632 -0.088629 -0.0915345 -0.0938109 -0.095403 -0.0962706 -0.0963908 -0.095758 -0.0943847
0.0438243 0.0411992 0.0385712 0.0359378 0.0332977 0.0306512 0.0280003 0.0253489 0.0227027 0.0200691 0.0174576 0.0148792 0.0123466 0.00987341 0.00747437 0.00516459 0.00295918 0.000872728 -0.00108125 -0.00289094 -0.00454678 -0.00604209 -0.00737365 -0.00854215 -0.00955273 -0.0104152 -0.0111445 -0.0117603 -0.0122876 -0.0127558 -0.0131986 -0.0136536 -0.0141606 -0.0147616 -0.0154989 -0.016414 -0.0175461 -0.0189308 -0.0205983 -0.022572 -0.0248674 -0.0274905 -0.0304371 -0.0336923 -0.0372295 -0.0410111 -0.0449887 -0.0491036 -0.0532886 -0.0574693 -0.061566 -0.0654963 -0.0691771 -0.0725276 -0.0754714 -0.0779396 -0.0798729 -0.0812233 -0.0819565 -0.0820527 -0.0815073 -0.0803314
