MatLab_Code/mc_g.grd
DSAA
201 201
0 20000
0 20000
-1.72632 2.99095
[rows 112 to 139 of 201, columns 126 to 188 of 201]
-1.03995 -1.08275 -1.12193 -1.15732 -1.1888 -1.21628 -1.23968 -1.25895 -1.27407 -1.28504 -1.29185 -1.29454 -1.29314 -1.28772 -1.27834 -1.26513 -1.24819 -1.2277 -1.20385 -1.17688 -1.14704 -1.11466 -1.08006 -1.04363 -1.00575 -0.966821 -0.927231 -0.887359 -0.847558 -0.808144 -0.769396 -0.731544 -0.694778 -0.659244 -0.625048 -0.592262 -0.560928 -0.531061 -0.502658 -0.475698 -0.450148 -0.425966 -0.403104 -0.381508 -0.361124 -0.341893 -0.323759 -0.306667 -0.290559 -0.275383 -0.261086 -0.247619 -0.234933 -0.222982 -0.211723 -0.201114 -0.191116 -0.181691 -0.172805 -0.164424 -0.156516 -0.149053 -0.142006
-1.01078 -1.05212 -1.08997 -1.12417 -1.15461 -1.18118 -1.20382 -1.22248 -1.23713 -1.24777 -1.2544 -1.25705 -1.25575 -1.25057 -1.24157 -1.22886 -1.21256 -1.19282 -1.16984 -1.14384 -1.11508 -1.08385 -1.05049 -1.01536 -0.978816 -0.941254 -0.903051 -0.864569 -0.826149 -0.788095 -0.750673 -0.714107 -0.678578 -0.644226 -0.611154 -0.579431 -0.549095 -0.520164 -0.492632 -0.466481 -0.44168 -0.418189 -0.395962 -0.37495 -0.355098 -0.336355 -0.318667 -0.301979 -0.286241 -0.2714 -0.257408 -0.244218 -0.231784 -0.220063 -0.209012 -0.198593 -0.188768 -0.179501 -0.170759 -0.162509 -0.154722 -0.14737 -0.140426
-0.979774 -1.01961 -1.0561 -1.08909 -1.11845 -1.1441 -1.16596 -1.18399 -1.19817 -1.20849 -1.21495 -1.21758 -1.21641 -1.2115 -1.20291 -1.19075 -1.17514 -1.15622 -1.13418 -1.10923 -1.08162 -1.05163 -1.01959 -0.985839 -0.950729 -0.91463 -0.877906 -0.840906 -0.803954 -0.767344 -0.731328 -0.696122 -0.661899 -0.628793 -0.596901 -0.56629 -0.536997 -0.509039 -0.482412 -0.457098 -0.433069 -0.410287 -0.38871 -0.368291 -0.348982 -0.330733 -0.313494 -0.297215 -0.281848 -0.267345 -0.253659 -0.240747 -0.228566 -0.217075 -0.206234 -0.196006 -0.186356 -0.177248 -0.168652 -0.160536 -0.152873 -0.145633 -0.138793
-0.947067 -0.985365 -1.02046 -1.0522 -1.08046 -1.10517 -1.12625 -1.14365 -1.15736 -1.16736 -1.17367 -1.17629 -1.17527 -1.17066 -1.16253 -1.15097 -1.13609 -1.11804 -1.097 -1.07317 -1.04678 -1.01812 -0.987483 -0.955198 -0.921606 -0.88706 -0.851905 -0.816474 -0.781076 -0.74599 -0.711458 -0.677684 -0.644833 -0.613032 -0.582375 -0.552924 -0.524716 -0.497766 -0.472073 -0.44762 -0.424381 -0.402323 -0.381406 -0.36159 -0.342828 -0.325075 -0.308286 -0.292416 -0.277418 -0.263251 -0.24987 -0.237235 -0.225305 -0.214042 -0.20341 -0.193373 -0.183896 -0.174948 -0.166498 -0.158517 -0.150977 -0.143852 -0.137118
-0.912824 -0.949551 -0.983221 -1.01369 -1.04084 -1.06459 -1.08487 -1.10165 -1.11488 -1.12458 -1.13073 -1.13337 -1.13253 -1.12825 -1.1206 -1.10968 -1.09559 -1.07846 -1.05848 -1.03583 -1.01074 -0.983471 -0.954315 -0.923579 -0.891591 -0.858681 -0.825179 -0.7914 -0.757637 -0.724153 -0.691178 -0.658904 -0.627488 -0.597049 -0.567677 -0.539431 -0.512345 -0.486436 -0.461702 -0.438129 -0.415696 -0.394371 -0.374121 -0.354908 -0.336693 -0.319435 -0.303092 -0.287625 -0.272993 -0.259155 -0.246073 -0.233709 -0.222026 -0.210988 -0.200561 -0.19071 -0.181406 -0.172615 -0.164311 -0.156463 -0.149047 -0.142036 -0.135408
-0.877247 -0.91238 -0.944605 -0.973784 -0.999808 -1.02259 -1.04207 -1.05821 -1.07098 -1.08038 -1.0864 -1.08907 -1.08842 -1.0845 -1.07737 -1.06712 -1.05385 -1.0377 -1.01883 -0.997413 -0.973681 -0.947877 -0.920272 -0.89116 -0.86085 -0.829654 -0.797883 -0.765832 -0.733778 -0.701968 -0.670618 -0.639909 -0.609986 -0.580964 -0.552924 -0.525923 -0.499994 -0.475152 -0.451398 -0.428721 -0.407101 -0.386515 -0.366931 -0.348319 -0.330644 -0.313871 -0.297966 -0.282892 -0.268613 -0.255095 -0.242302 -0.2302 -0.218756 -0.207935 -0.197706 -0.188038 -0.178901 -0.170264 -0.162102 -0.154386 -0.147091 -0.140193 -0.13367
-0.840575 -0.874098 -0.904866 -0.932746 -0.957633 -0.979447 -0.998128 -1.01364 -1.02594 -1.03505 -1.04095 -1.04366 -1.04322 -1.03968 -1.0331 -1.02355 -1.01115 -0.996008 -0.978287 -0.958163 -0.935843 -0.911558 -0.885565 -0.858142 -0.829577 -0.800164 -0.770192 -0.739939 -0.709662 -0.679592 -0.649931 -0.620845 -0.592471 -0.564914 -0.538249 -0.51253 -0.487787 -0.464035 -0.441276 -0.419503 -0.398701 -0.378849 -0.359924 -0.341901 -0.324753 -0.30845 -0.292965 -0.278267 -0.264326 -0.251112 -0.238594 -0.226741 -0.215522 -0.204908 -0.194869 -0.185374 -0.176397 -0.167909 -0.159884 -0.152296 -0.14512 -0.138333 -0.131912
-0.803075 -0.834982 -0.864288 -0.890866 -0.914617 -0.935462 -0.953344 -0.968223 -0.980077 -0.988896 -0.994684 -0.99746 -0.997254 -0.994111 -0.988093 -0.979277 -0.967762 -0.953668 -0.937139 -0.918344 -0.897477 -0.874759 -0.850431 -0.82475 -0.797986 -0.770413 -0.742301 -0.713907 -0.685468 -0.657199 -0.629284 -0.601877 -0.575103 -0.549056 -0.523807 -0.499402 -0.47587 -0.453225 -0.431471 -0.410603 -0.390612 -0.371483 -0.353201 -0.335747 -0.319102 -0.303246 -0.288156 -0.273809 -0.260182 -0.24725 -0.234985 -0.223362 -0.212353 -0.201931 -0.192068 -0.182737 -0.173911 -0.165564 -0.15767 -0.150204 -0.143142 -0.136462 -0.130143
-0.765034 -0.795331 -0.82318 -0.848462 -0.871081 -0.890963 -0.908053 -0.922313 -0.93372 -0.942266 -0.947955 -0.950803 -0.950842 -0.948115 -0.942681 -0.934615 -0.924012 -0.910986 -0.895675 -0.878239 -0.85886 -0.837745 -0.815119 -0.791223 -0.766306 -0.740623 -0.714421 -0.687938 -0.661392 -0.634978 -0.608863 -0.583188 -0.558062 -0.53357 -0.509773 -0.486712 -0.464412 -0.442886 -0.422139 -0.402171 -0.382975 -0.364548 -0.34688 -0.329963 -0.313787 -0.29834 -0.28361 -0.269581 -0.256235 -0.243554 -0.231517 -0.220099 -0.209279 -0.19903 -0.189328 -0.180146 -0.171459 -0.163242 -0.15547 -0.14812 -0.141167 -0.13459 -0.128367
-0.726754 -0.755456 -0.781862 -0.805861 -0.827362 -0.846293 -0.862603 -0.876255 -0.887226 -0.895509 -0.901109 -0.904041 -0.904336 -0.902036 -0.897198 -0.889896 -0.880219 -0.868278 -0.854203 -0.838145 -0.820276 -0.800789 -0.779893 -0.757813 -0.734778 -0.711022 -0.686774 -0.662248 -0.637643 -0.613135 -0.588873 -0.564979 -0.54155 -0.518657 -0.496351 -0.474663 -0.453613 -0.433213 -0.413468 -0.394382 -0.375956 -0.358194 -0.341098 -0.324671 -0.308915 -0.293829 -0.27941 -0.265651 -0.252545 -0.240076 -0.22823 -0.216988 -0.206328 -0.196229 -0.186667 -0.177617 -0.169056 -0.160957 -0.153298 -0.146055 -0.139204 -0.132724 -0.126593
-0.688534 -0.715667 -0.740655 -0.763393 -0.783795 -0.801793 -0.817339 -0.830396 -0.840945 -0.848977 -0.854497 -0.857523 -0.858082 -0.856216 -0.851982 -0.84545 -0.836707 -0.825859 -0.813027 -0.798357 -0.782008 -0.764163 -0.745014 -0.72477 -0.703642 -0.681845 -0.659585 -0.637057 -0.61444 -0.591889 -0.569533 -0.547476 -0.525798 -0.504553 -0.483777 -0.463492 -0.44371 -0.424438 -0.405682 -0.387449 -0.369752 -0.352602 -0.336018 -0.320016 -0.304611 -0.289818 -0.275646 -0.262099 -0.249175 -0.236869 -0.225171 -0.214064 -0.203533 -0.193555 -0.184108 -0.17517 -0.166716 -0.158722 -0.151163 -0.144017 -0.137259 -0.13087 -0.124826
-0.650663 -0.676264 -0.699868 -0.721374 -0.740703 -0.757792 -0.772593 -0.785073 -0.795214 -0.803007 -0.808458 -0.811584 -0.812413 -0.810986 -0.807358 -0.801598 -0.793788 -0.78403 -0.772442 -0.759159 -0.744332 -0.728132 -0.710737 -0.692341 -0.673137 -0.653321 -0.633081 -0.612592 -0.59201 -0.571471 -0.551082 -0.530927 -0.511063 -0.491525 -0.472331 -0.453485 -0.43499 -0.416845 -0.399056 -0.381635 -0.364605 -0.347994 -0.331836 -0.316168 -0.301023 -0.286434 -0.272423 -0.259007 -0.246196 -0.23399 -0.222384 -0.211367 -0.200922 -0.191031 -0.181672 -0.172821 -0.164454 -0.156547 -0.149075 -0.142015 -0.135342 -0.129035 -0.123071
-0.61341 -0.637526 -0.659785 -0.680097 -0.698385 -0.714592 -0.728673 -0.740597 -0.750345 -0.757913 -0.763304 -0.766536 -0.767638 -0.76665 -0.763626 -0.758631 -0.751749 -0.743074 -0.73272 -0.720815 -0.707503 -0.692942 -0.6773 -0.660755 -0.643487 -0.625673 -0.607484 -0.589076 -0.570585 -0.552125 -0.53378 -0.515609 -0.497643 -0.479891 -0.462346 -0.44499 -0.427806 -0.410786 -0.393931 -0.377262 -0.360814 -0.344636 -0.328788 -0.31333 -0.298322 -0.283817 -0.269856 -0.256472 -0.243684 -0.231499 -0.219919 -0.208933 -0.198528 -0.188683 -0.179378 -0.170586 -0.162284 -0.154445 -0.147044 -0.140056 -0.133457 -0.127224 -0.121334
-0.577015 -0.599699 -0.620663 -0.639822 -0.657109 -0.672466 -0.685854 -0.697243 -0.706618 -0.713972 -0.719312 -0.722656 -0.724032 -0.723479 -0.721052 -0.716814 -0.710845 -0.703238 -0.694103 -0.68356 -0.671747 -0.658813 -0.644917 -0.630223 -0.614899 -0.599109 -0.583007 -0.566732 -0.550401 -0.534106 -0.517907 -0.501832 -0.485881 -0.470028 -0.454228 -0.438434 -0.422602 -0.406704 -0.39074 -0.374738 -0.358753 -0.342864 -0.327163 -0.311747 -0.296709 -0.282131 -0.268077 -0.254596 -0.241718 -0.22946 -0.217824 -0.206802 -0.196379 -0.186534 -0.177243 -0.16848 -0.160216 -0.152424 -0.145077 -0.138148 -0.131611 -0.125443 -0.119619
-0.541685 -0.562996 -0.582719 -0.600774 -0.617099 -0.631644 -0.644368 -0.655248 -0.664267 -0.671422 -0.67672 -0.680178 -0.681826 -0.681704 -0.679862 -0.676367 -0.671295 -0.664736 -0.656797 -0.647595 -0.63726 -0.625936 -0.613774 -0.600929 -0.587559 -0.573818 -0.559848 -0.545773 -0.531695 -0.517682 -0.503768 -0.489949 -0.47618 -0.46239 -0.448482 -0.43436 -0.419941 -0.40517 -0.390038 -0.374585 -0.358896 -0.343092 -0.327315 -0.311712 -0.296422 -0.281563 -0.26723 -0.253489 -0.240384 -0.227935 -0.216146 -0.205008 -0.194502 -0.184604 -0.175285 -0.166514 -0.158261 -0.150493 -0.143181 -0.136296 -0.129809 -0.123695 -0.117929
-0.507586 -0.52759 -0.546129 -0.563132 -0.578542 -0.592311 -0.604405 -0.614801 -0.623485 -0.630455 -0.635718 -0.639294 -0.641211 -0.64151 -0.640242 -0.637471 -0.633274 -0.627739 -0.62097 -0.613081 -0.604201 -0.594466 -0.584025 -0.573027 -0.561625 -0.549967 -0.538187 -0.526403 -0.514701 -0.503132 -0.4917 -0.480361 -0.469019 -0.457534 -0.445738 -0.43346 -0.420554 -0.406924 -0.392548 -0.37748 -0.36185 -0.345845 -0.32968 -0.313576 -0.297735 -0.282325 -0.267474 -0.253271 -0.239767 -0.226987 -0.214931 -0.203584 -0.192922 -0.182911 -0.173516 -0.1647 -0.156426 -0.148657 -0.141361 -0.134503 -0.128053 -0.121983 -0.116266
-0.474849 -0.493614 -0.51103 -0.527035 -0.541575 -0.55461 -0.566108 -0.576047 -0.584417 -0.591216 -0.596453 -0.600148 -0.60233 -0.60304 -0.602329 -0.600263 -0.596915 -0.592377 -0.586748 -0.580144 -0.572689 -0.564522 -0.555788 -0.546638 -0.537223 -0.527693 -0.518183 -0.508808 -0.499649 -0.490742 -0.482066 -0.473529 -0.464966 -0.456146 -0.446794 -0.436626 -0.425397 -0.412943 -0.399217 -0.384301 -0.368394 -0.351782 -0.334795 -0.317759 -0.300966 -0.284649 -0.268977 -0.254058 -0.23995 -0.226673 -0.214219 -0.202559 -0.191657 -0.181467 -0.171945 -0.163043 -0.154715 -0.146921 -0.139619 -0.132771 -0.126345 -0.120309 -0.114633
-0.443565 -0.461159 -0.477515 -0.492576 -0.506296 -0.518638 -0.529574 -0.539085 -0.547162 -0.553806 -0.559025 -0.562841 -0.565282 -0.566392 -0.566222 -0.564836 -0.562312 -0.558739 -0.554219 -0.548866 -0.542809 -0.536187 -0.529148 -0.521848 -0.514449 -0.507105 -0.499965 -0.493152 -0.486754 -0.480803 -0.475256 -0.46997 -0.464694 -0.45907 -0.452662 -0.445014 -0.43572 -0.424508 -0.411292 -0.396193 -0.379522 -0.361725 -0.343305 -0.324747 -0.306468 -0.288783 -0.271908 -0.255965 -0.241008 -0.227043 -0.214039 -0.201951 -0.190719 -0.180281 -0.170576 -0.161545 -0.153132 -0.145284 -0.137956 -0.131103 -0.124687 -0.118673 -0.113029
-0.413792 -0.430283 -0.445639 -0.45981 -0.472758 -0.484449 -0.494859 -0.503972 -0.51178 -0.518284 -0.523494 -0.527431 -0.530127 -0.531624 -0.531976 -0.531248 -0.529518 -0.526878 -0.523432 -0.519298 -0.514608 -0.509506 -0.504151 -0.49871 -0.493359 -0.488274 -0.483626 -0.479565 -0.476204 -0.473589 -0.471667 -0.47025 -0.468979 -0.467324 -0.464608 -0.460102 -0.45315 -0.443298 -0.430394 -0.414627 -0.396489 -0.376678 -0.355968 -0.335084 -0.314613 -0.294973 -0.276423 -0.259087 -0.242997 -0.228126 -0.21441 -0.201768 -0.190111 -0.179352 -0.169409 -0.160206 -0.151672 -0.143746 -0.13637 -0.129495 -0.123077 -0.117076 -0.111456
-0.385554 -0.401007 -0.41542 -0.428754 -0.440975 -0.452057 -0.461978 -0.470725 -0.478288 -0.484671 -0.489882 -0.493944 -0.496889 -0.49876 -0.499614 -0.499518 -0.498553 -0.496812 -0.494405 -0.491454 -0.488099 -0.484494 -0.480812 -0.477238 -0.473974 -0.471229 -0.469215 -0.46813 -0.468137 -0.469329 -0.471672 -0.474946 -0.478674 -0.482087 -0.484157 -0.48373 -0.47974 -0.471441 -0.458575 -0.441438 -0.420814 -0.39781 -0.373624 -0.349333 -0.325757 -0.303433 -0.282642 -0.263487 -0.245946 -0.229934 -0.21533 -0.202003 -0.189824 -0.178672 -0.168436 -0.159018 -0.150331 -0.1423 -0.134858 -0.127946 -0.121513 -0.115514 -0.10991
-0.358848 -0.373321 -0.386843 -0.399385 -0.410922 -0.421435 -0.430906 -0.439321 -0.446671 -0.452954 -0.45818 -0.46237 -0.465559 -0.467793 -0.469129 -0.469639 -0.469407 -0.468531 -0.467126 -0.465321 -0.463268 -0.461134 -0.459111 -0.457412 -0.456273 -0.455953 -0.456723 -0.458859 -0.462612 -0.468165 -0.475554 -0.484566 -0.494608 -0.504606 -0.513017 -0.518025 -0.517912 -0.511464 -0.498255 -0.478749 -0.454198 -0.426361 -0.397096 -0.367994 -0.340177 -0.314295 -0.290618 -0.269172 -0.249841 -0.232443 -0.216775 -0.202635 -0.189839 -0.178222 -0.16764 -0.157968 -0.149099 -0.14094 -0.133413 -0.126449 -0.11999 -0.113986 -0.10839
-0.333644 -0.347183 -0.359853 -0.371637 -0.382524 -0.392508 -0.401572 -0.409701 -0.416875 -0.423089 -0.428349 -0.432675 -0.436106 -0.438689 -0.440488 -0.441577 -0.442046 -0.441999 -0.441557 -0.44086 -0.440072 -0.439379 -0.438997 -0.439174 -0.440193 -0.442375 -0.446076 -0.45168 -0.459571 -0.470085 -0.483402 -0.499394 -0.517386 -0.535938 -0.552777 -0.56508 -0.570116 -0.565944 -0.551884 -0.528654 -0.498232 -0.463389 -0.42699 -0.391353 -0.357965 -0.327551 -0.300296 -0.276075 -0.254615 -0.235594 -0.218692 -0.203619 -0.19012 -0.177975 -0.167 -0.157039 -0.14796 -0.139653 -0.132026 -0.124998 -0.118504 -0.112485 -0.106893
-0.309888 -0.322521 -0.334351 -0.345384 -0.35564 -0.365131 -0.373847 -0.381755 -0.388816 -0.395007 -0.400328 -0.404804 -0.408476 -0.411398 -0.413639 -0.41528 -0.416417 -0.41716 -0.417641 -0.41801 -0.418447 -0.41916 -0.420394 -0.422438 -0.425632 -0.430374 -0.437126 -0.446414 -0.458805 -0.474857 -0.494993 -0.519278 -0.547045 -0.576453 -0.604248 -0.626144 -0.637905 -0.636544 -0.621016 -0.592402 -0.553728 -0.509267 -0.463346 -0.419263 -0.378902 -0.342978 -0.311479 -0.284033 -0.260137 -0.239283 -0.221003 -0.204895 -0.190619 -0.177894 -0.166487 -0.156207 -0.146897 -0.138426 -0.130685 -0.123584 -0.117047 -0.111008 -0.105414
-0.287505 -0.299222 -0.310172 -0.320401 -0.329998 -0.339032 -0.347498 -0.355309 -0.362366 -0.368612 -0.374042 -0.378687 -0.382602 -0.385852 -0.388515 -0.39068 -0.39245 -0.393945 -0.395305 -0.396695 -0.398312 -0.400387 -0.4032 -0.407086 -0.412449 -0.419776 -0.429654 -0.442776 -0.459936 -0.48198 -0.509673 -0.543397 -0.582613 -0.625093 -0.666366 -0.700179 -0.720261 -0.722247 -0.704634 -0.66896 -0.619627 -0.562944 -0.505202 -0.450915 -0.402349 -0.360092 -0.323807 -0.292779 -0.266212 -0.243366 -0.223599 -0.20638 -0.191274 -0.17793 -0.166064 -0.155446 -0.145889 -0.137241 -0.129379 -0.122197 -0.115611 -0.109548 -0.103948
-0.266402 -0.277129 -0.287039 -0.296248 -0.305026 -0.313637 -0.322078 -0.330075 -0.337352 -0.343792 -0.349401 -0.354246 -0.358409 -0.361975 -0.365039 -0.367698 -0.370065 -0.37227 -0.374464 -0.376825 -0.37957 -0.382956 -0.387298 -0.39298 -0.400475 -0.410368 -0.423378 -0.440383 -0.46243 -0.490696 -0.526345 -0.57017 -0.62185 -0.678806 -0.735201 -0.782464 -0.81191 -0.817583 -0.797465 -0.753609 -0.692006 -0.621376 -0.550329 -0.484739 -0.427227 -0.378154 -0.336772 -0.301961 -0.272592 -0.247666 -0.226353 -0.207981 -0.192016 -0.178032 -0.165691 -0.154723 -0.144911 -0.136081 -0.12809 -0.120824 -0.114186 -0.108097 -0.10249
-0.246489 -0.256043 -0.264489 -0.271983 -0.279314 -0.287533 -0.296638 -0.305576 -0.31356 -0.320433 -0.326325 -0.331403 -0.335817 -0.339687 -0.343127 -0.346249 -0.349175 -0.352046 -0.355024 -0.358303 -0.362117 -0.366751 -0.372556 -0.379966 -0.389524 -0.401911 -0.417981 -0.438798 -0.465662 -0.500079 -0.543618 -0.597479 -0.661564 -0.732938 -0.804402 -0.865065 -0.90383 -0.91315 -0.890491 -0.838421 -0.76452 -0.67992 -0.595547 -0.518638 -0.452163 -0.396262 -0.349775 -0.311174 -0.278995 -0.251984 -0.229121 -0.209594 -0.192768 -0.178142 -0.165324 -0.154005 -0.143937 -0.134923 -0.126805 -0.119454 -0.112764 -0.106648 -0.101034
-0.227716 -0.235796 -0.241832 -0.245479 -0.24879 -0.256644 -0.269045 -0.281113 -0.290802 -0.298466 -0.30475 -0.31009 -0.314748 -0.318902 -0.322691 -0.326241 -0.329687 -0.333178 -0.336888 -0.341026 -0.345844 -0.351654 -0.358841 -0.367888 -0.379404 -0.394161 -0.413141 -0.437577 -0.468997 -0.509199 -0.560093 -0.623201 -0.698551 -0.782825 -0.867607 -0.940041 -0.986992 -0.999539 -0.974686 -0.915461 -0.830818 -0.733924 -0.63767 -0.550505 -0.475784 -0.413514 -0.362212 -0.320006 -0.285138 -0.256121 -0.231759 -0.211113 -0.19345 -0.1782 -0.164919 -0.153257 -0.14294 -0.133748 -0.125507 -0.118074 -0.111334 -0.105193 -0.099573
-0.210152 -0.21649 -0.218662 -0.212854 -0.201063 -0.208579 -0.235408 -0.256265 -0.269166 -0.277936 -0.28466 -0.290248 -0.295128 -0.299538 -0.303643 -0.307585 -0.311507 -0.315569 -0.319955 -0.324889 -0.33064 -0.337543 -0.346017 -0.356589 -0.369928 -0.386888 -0.408557 -0.436318 -0.471882 -0.517275 -0.574652 -0.645731 -0.73055 -0.825392 -0.920864 -1.00264 -1.0561 -1.07125 -1.04475 -0.979988 -0.886957 -0.780327 -0.674451 -0.578757 -0.496993 -0.429157 -0.373564 -0.328096 -0.290763 -0.25989 -0.234132 -0.212437 -0.193987 -0.178149 -0.16443 -0.152446 -0.141894 -0.132536 -0.124179 -0.116671 -0.109886 -0.103724 -0.0981009
