MatLab_Code/mc_gn2e.grd
DSAA
241 241
-2000 22000
-2000 22000
-1.7127633094788 3.0242972373962
[rows 80 to 99 of 241, columns 180 to 224 of 241]
-0.61174708604813 -0.6122008562088 -0.55194234848022 -0.53895819187164 -0.4940522313118 -0.45863711833954 -0.41417661309242 -0.39156454801559 -0.400499522686 -0.33656838536263 -0.31097459793091 -0.32803231477737 -0.31023582816124 -0.28427502512932 -0.26492911577225 -0.25953707098961 -0.23115380108356 -0.21760977804661 -0.22016663849354 -0.16740897297859 -0.19863876700401 -0.21246857941151 -0.13714376091957 -0.17348970472813 -0.17169013619423 -0.1509325504303 -0.15879625082016 -0.14266686141491 -0.14554673433304 -0.07260163128376 -0.15855154395103 -0.12410219758749 -0.12867613136768 -0.14444781839848 -0.060978796333075 -0.095907412469387 -0.11104971170425 -0.065374635159969 -0.062661789357662 -0.083196185529232 -0.061955504119396 -0.095162570476532 -0.058364249765873 -0.080849751830101 -0.087708957493305
-0.65132361650467 -0.6338232755661 -0.55257630348206 -0.51962745189667 -0.47215837240219 -0.47417628765106 -0.4343808889389 -0.42451664805412 -0.40965467691422 -0.36799424886703 -0.35225620865822 -0.31545132398605 -0.2926367521286 -0.28335684537888 -0.25488793849945 -0.26601773500443 -0.24815584719181 -0.22445614635944 -0.21763432025909 -0.20056313276291 -0.21364814043045 -0.19434420764446 -0.21080878376961 -0.19981122016907 -0.15585754811764 -0.14204001426697 -0.15434351563454 -0.15129132568836 -0.13912652432919 -0.11928649991751 -0.08699631690979 -0.096846677362919 -0.12230420857668 -0.074540518224239 -0.092300176620483 -0.083322204649448 -0.10008230060339 -0.09252242743969 -0.10151745378971 -0.089062675833702 -0.09946770966053 -0.11574473232031 -0.064421951770782 -0.069904811680317 -0.03459845110774
-0.63975083827972 -0.57308340072632 -0.54242050647736 -0.5460450053215 -0.5389124751091 -0.44188836216927 -0.41929161548615 -0.38259476423264 -0.40989217162132 -0.36377862095833 -0.32934960722923 -0.33396989107132 -0.31235966086388 -0.28404998779297 -0.29080295562744 -0.25024682283401 -0.25688686966896 -0.24755756556988 -0.20536877214909 -0.21966673433781 -0.17999221384525 -0.19647279381752 -0.14621321856976 -0.13371112942696 -0.14746510982513 -0.15336526930332 -0.13576373457909 -0.14701224863529 -0.13878850638866 -0.13074174523354 -0.14635890722275 -0.13812430202961 -0.13311843574047 -0.13556003570557 -0.084001235663891 -0.072443835437298 -0.092918075621128 -0.078406170010567 -0.088191270828247 -0.1228080317378 -0.069919519126415 -0.070621855556965 -0.043331902474165 -0.087967604398727 -0.12388584762812
-0.63821697235107 -0.64908319711685 -0.56131929159164 -0.53896367549896 -0.50900459289551 -0.49427628517151 -0.44080549478531 -0.40578159689903 -0.38741520047188 -0.34180155396461 -0.35216441750526 -0.3301874101162 -0.34254285693169 -0.31052631139755 -0.24071733653545 -0.25252962112427 -0.23565404117107 -0.21429455280304 -0.21119719743729 -0.21516674757004 -0.18337969481945 -0.1879019588232 -0.14628331363201 -0.16123674809933 -0.15695150196552 -0.16310861706734 -0.14272254705429 -0.10635678470135 -0.15200681984425 -0.12768448889256 -0.10951121896505 -0.11717367172241 -0.11330346018076 -0.1143197119236 -0.078198529779911 -0.11811446398497 -0.12756960093975 -0.11399125307798 -0.092338889837265 -0.10255379229784 -0.065825834870338 -0.080960668623447 -0.04529444873333 -0.088620766997337 -0.035862278193235
-0.63849580287933 -0.63641250133514 -0.58612096309662 -0.56530404090881 -0.54402750730515 -0.48919284343719 -0.44535520672798 -0.40459769964218 -0.39056906104088 -0.35782417654991 -0.3557360470295 -0.30208265781403 -0.30897411704063 -0.24063473939896 -0.27070072293282 -0.25751209259033 -0.239791020751 -0.22209037840366 -0.19648925960064 -0.20848754048347 -0.23769357800484 -0.20819452404976 -0.16415077447891 -0.15904852747917 -0.15945255756378 -0.17311406135559 -0.12763714790344 -0.12901724874973 -0.084792546927929 -0.13237212598324 -0.14495548605919 -0.10208864510059 -0.082692660391331 -0.11006990075111 -0.087950468063354 -0.073898606002331 -0.072861783206463 -0.084598585963249 -0.11446433514357 -0.10413254052401 -0.068428352475166 -0.060009319335222 -0.07639529556036 -0.062100686132908 -0.10374919325113
-0.65489172935486 -0.65679794549942 -0.60831308364868 -0.51842612028122 -0.54099488258362 -0.46932503581047 -0.47284844517708 -0.42805469036102 -0.39425650238991 -0.34655910730362 -0.37175166606903 -0.30793190002441 -0.29314202070236 -0.3044428229332 -0.26215809583664 -0.22557939589024 -0.20786213874817 -0.20225866138935 -0.19391189515591 -0.18634240329266 -0.18647208809853 -0.1407827436924 -0.15870958566666 -0.14765520393848 -0.20264919102192 -0.16136513650417 -0.13648718595505 -0.15871508419514 -0.15965405106544 -0.15206252038479 -0.12853737175465 -0.11714138835669 -0.1013540700078 -0.11253849416971 -0.12624305486679 -0.079752311110497 -0.10156435519457 -0.098119787871838 -0.11079982668161 -0.058104246854782 -0.090373374521732 -0.019437471404672 -0.080349661409855 -0.075839541852474 -0.066481456160545
-0.67475634813309 -0.65334928035736 -0.61778795719147 -0.5700506567955 -0.49634289741516 -0.51154911518097 -0.4379531443119 -0.40807935595512 -0.39503383636475 -0.39758697152138 -0.35559058189392 -0.28908804059029 -0.303073823452 -0.31886875629425 -0.27631178498268 -0.24026918411255 -0.25084415078163 -0.20171563327312 -0.21265222132206 -0.18599952757359 -0.22155477106571 -0.18164944648743 -0.16860240697861 -0.12951619923115 -0.13331291079521 -0.15338227152824 -0.11690380424261 -0.14640754461288 -0.15737874805927 -0.1604116410017 -0.10769496113062 -0.085369758307934 -0.10974311083555 -0.12589864432812 -0.10952920466661 -0.10588709264994 -0.073559798300266 -0.081034280359745 -0.092654310166836 -0.094785772264004 -0.058829870074987 -0.053224120289087 -0.066332787275314 -0.074416309595108 -0.063303023576736
-0.71926152706146 -0.6251420378685 -0.57122552394867 -0.56922203302383 -0.52438455820084 -0.48558595776558 -0.46204608678818 -0.41271817684174 -0.3940072953701 -0.36403539776802 -0.32053714990616 -0.33853816986084 -0.30493721365929 -0.27008670568466 -0.23655714094639 -0.25479486584663 -0.26226732134819 -0.25204426050186 -0.20377470552921 -0.18979306519032 -0.16194991767406 -0.18011656403542 -0.16532942652702 -0.15460231900215 -0.14366219937801 -0.14056631922722 -0.18637481331825 -0.15817382931709 -0.12929610908031 -0.11699593812227 -0.12792563438416 -0.092589676380157 -0.097834587097168 -0.11083041876554 -0.099549531936646 -0.10177832841873 -0.10886483639479 -0.13764989376068 -0.045053116977215 -0.064534783363342 -0.068812124431133 -0.081853024661541 -0.085037857294083 -0.10277864336967 -0.044153690338135
-0.69415408372879 -0.63774138689041 -0.59354728460312 -0.57548874616623 -0.54879266023636 -0.48629367351532 -0.46338391304016 -0.4306745827198 -0.40857964754105 -0.36325466632843 -0.31142088770866 -0.30582031607628 -0.28975164890289 -0.23192691802979 -0.23533318936825 -0.20738156139851 -0.19651736319065 -0.22573611140251 -0.19943563640118 -0.19854541122913 -0.17399515211582 -0.19523619115353 -0.18007718026638 -0.17651571333408 -0.14195220172405 -0.17052282392979 -0.13984033465385 -0.14422534406185 -0.13689720630646 -0.12367387861013 -0.10853082686663 -0.11209055036306 -0.084491565823555 -0.096891164779663 -0.11864574998617 -0.11985390633345 -0.061040487140417 -0.050151064991951 -0.08783733099699 -0.073716163635254 -0.11336547881365 -0.096427239477634 -0.078336037695408 -0.086950063705444 -0.086493581533432
-0.69326275587082 -0.67289441823959 -0.6214764714241 -0.58942288160324 -0.54740673303604 -0.47150465846062 -0.46174454689026 -0.40870004892349 -0.35985344648361 -0.35222312808037 -0.32058414816856 -0.27751380205154 -0.27656751871109 -0.21245855093002 -0.23644652962685 -0.18321380019188 -0.18119445443153 -0.20466306805611 -0.16989332437515 -0.20040157437325 -0.18078802525997 -0.20887604355812 -0.16433919966221 -0.12929305434227 -0.19064909219742 -0.15457360446453 -0.15812137722969 -0.13305462896824 -0.10453113913536 -0.10794305801392 -0.12576578557491 -0.12766370177269 -0.093040637671947 -0.047138176858425 -0.097741834819317 -0.10601722449064 -0.041942045092583 -0.086382798850536 -0.076303273439407 -0.069062948226929 -0.09960662573576 -0.068150945007801 -0.064793884754181 -0.075521297752857 -0.13303962349892
-0.68766283988953 -0.66428285837173 -0.58511859178543 -0.57107377052307 -0.51253896951675 -0.49436154961586 -0.45423728227615 -0.41629767417908 -0.40014296770096 -0.33558389544487 -0.27581179141998 -0.2863983809948 -0.2518924176693 -0.22892136871815 -0.18851457536221 -0.18331079185009 -0.16366174817085 -0.1933965831995 -0.15326218307018 -0.18819336593151 -0.17171929776669 -0.13812105357647 -0.14499504864216 -0.13210564851761 -0.16236281394958 -0.15153789520264 -0.12979982793331 -0.1256331205368 -0.15215238928795 -0.080992914736271 -0.11013725399971 -0.090511955320835 -0.15383917093277 -0.09469747543335 -0.092406891286373 -0.12803407013416 -0.11528269201517 -0.088739678263664 -0.076399333775043 -0.071874186396599 -0.082113444805145 -0.095789276063442 -0.04489142075181 -0.066666357219219 -0.076461181044579
-0.69323885440826 -0.69202733039856 -0.589939057827 -0.57576483488083 -0.52817910909653 -0.48990240693092 -0.43005079030991 -0.38537067174911 -0.37734588980675 -0.33635854721069 -0.24115984141827 -0.26049083471298 -0.24579975008965 -0.19276802241802 -0.17894348502159 -0.16888286173344 -0.14623701572418 -0.10164725780487 -0.14143036305904 -0.13701651990414 -0.11285181343555 -0.10870897769928 -0.13825352489948 -0.15881676971912 -0.14540150761604 -0.15147207677364 -0.13892208039761 -0.14142699539661 -0.11697179079056 -0.10368309170008 -0.12015457451344 -0.12123889476061 -0.13301402330399 -0.10243855416775 -0.085533998906612 -0.12493842095137 -0.098349370062351 -0.085557743906975 -0.081143535673618 -0.10044622421265 -0.064953193068504 -0.072452999651432 -0.092789888381958 -0.11941719800234 -0.089865617454052
-0.73309844732285 -0.66712582111359 -0.61259692907333 -0.52069902420044 -0.52705442905426 -0.51026827096939 -0.44206666946411 -0.36263796687126 -0.2875888645649 -0.28306847810745 -0.25516548752785 -0.23989008367062 -0.20036774873734 -0.12690216302872 -0.1131634786725 -0.13991795480251 -0.10295983403921 -0.10216061025858 -0.10362762957811 -0.077190272510052 -0.13364808261395 -0.13321903347969 -0.14817088842392 -0.14294995367527 -0.13048192858696 -0.10823756456375 -0.14872904121876 -0.094199389219284 -0.13269835710526 -0.14286170899868 -0.11389835178852 -0.11520127207041 -0.11102082580328 -0.10427657514811 -0.12337650358677 -0.10280314087868 -0.1023246049881 -0.082422465085983 -0.075908593833447 -0.072739198803902 -0.058470346033573 -0.069572485983372 -0.071150086820126 -0.12397379428148 -0.11614179611206
-0.72410702705383 -0.66613870859146 -0.61804884672165 -0.57355278730392 -0.55061012506485 -0.46869406104088 -0.39731100201607 -0.38924941420555 -0.30906587839127 -0.23348705470562 -0.22598558664322 -0.13706660270691 -0.11321830749512 -0.098986759781837 -0.093371398746967 -0.076134875416756 -0.097692370414734 -0.089658930897713 -0.10476737469435 -0.11612729728222 -0.12113228440285 -0.13938820362091 -0.12367027252913 -0.12238300591707 -0.1231955960393 -0.11642228811979 -0.14974102377892 -0.14395016431808 -0.13029152154922 -0.13917590677738 -0.134879514575 -0.12194364517927 -0.096075877547264 -0.11991044133902 -0.093783341348171 -0.10215792059898 -0.095176704227924 -0.07128669321537 -0.098646059632301 -0.077657796442509 -0.087154671549797 -0.11069323122501 -0.063657864928246 -0.082851804792881 -0.080780699849129
-0.70313721895218 -0.67389982938766 -0.61882787942886 -0.57099747657776 -0.50194269418716 -0.48304882645607 -0.37438669800758 -0.35405600070953 -0.29901710152626 -0.20158736407757 -0.12816424667835 -0.11066821217537 -0.060798060148954 0.0026290989480913 -0.029968768358231 0.00044828915270045 -0.053896952420473 -0.034206986427307 -0.10380607843399 -0.11675930023193 -0.085287533700466 -0.078092411160469 -0.14515726268291 -0.12567484378815 -0.12463808059692 -0.14008991420269 -0.097196102142334 -0.10949144512415 -0.10796774178743 -0.082248166203499 -0.10559161007404 -0.12199886888266 -0.082982666790485 -0.078863568603992 -0.10576264560223 -0.12424967437983 -0.099258430302143 -0.066791407763958 -0.067509926855564 -0.065414503216743 -0.090888150036335 -0.079886093735695 -0.09154437482357 -0.080512553453445 -0.11089881509542
-0.69604194164276 -0.64133703708649 -0.62685227394104 -0.56062978506088 -0.52294689416885 -0.42487183213234 -0.39896541833878 -0.33414182066917 -0.25836369395256 -0.19874402880669 -0.10039678961039 -0.016434857621789 0.022738367319107 0.044875234365463 0.081081733107567 0.057968392968178 0.03150511905551 -0.011167833581567 -0.017355991527438 -0.068746887147427 -0.094825267791748 -0.051111597567797 -0.084425963461399 -0.15061500668526 -0.088461011648178 -0.13074691593647 -0.13092102110386 -0.11763161420822 -0.13661886751652 -0.11333388090134 -0.11375077813864 -0.12340316176414 -0.094110012054443 -0.11990420520306 -0.13843159377575 -0.076462097465992 -0.083551667630672 -0.081214398145676 -0.13549900054932 -0.082559801638126 -0.053919348865747 -0.11670307815075 -0.094144277274609 -0.10662291944027 -0.052770916372538
-0.70569133758545 -0.72385686635971 -0.61229491233826 -0.54145640134811 -0.50828456878662 -0.4008087515831 -0.38873609900475 -0.25519061088562 -0.20642533898354 -0.097922243177891 -0.0056233550421894 0.038834486156702 0.068426862359047 0.1109726652503 0.12882223725319 0.15383931994438 0.10289829969406 0.055186379700899 0.028259050101042 -0.0060469270683825 -0.049087151885033 -0.073675863444805 -0.099611759185791 -0.11369468271732 -0.1299050450325 -0.13564717769623 -0.14315444231033 -0.10868181288242 -0.10047719627619 -0.11034531891346 -0.13804718852043 -0.11884430795908 -0.11291499435902 -0.10269805788994 -0.11664757877588 -0.079241625964642 -0.083231590688229 -0.089701443910599 -0.13129143416882 -0.13399761915207 -0.056674711406231 -0.06344735622406 -0.10495568811893 -0.064222253859043 -0.082399323582649
-0.72095793485641 -0.67481410503387 -0.6205780506134 -0.52320027351379 -0.53001290559769 -0.46517187356949 -0.35239186882973 -0.25178426504135 -0.16931118071079 -0.05199971050024 0.034511238336563 0.090271882712841 0.21083043515682 0.20834964513779 0.2451965212822 0.18330781161785 0.15045444667339 0.083984397351742 0.027772828936577 0.0055555133149028 -0.048157684504986 -0.050407342612743 -0.13275918364525 -0.12973442673683 -0.11712458729744 -0.13112141191959 -0.088058166205883 -0.14123426377773 -0.141102835536 -0.14714412391186 -0.098880499601364 -0.1633388698101 -0.10980624705553 -0.11046356707811 -0.11895302683115 -0.0986393019557 -0.10000766068697 -0.11179982125759 -0.097046747803688 -0.094762980937958 -0.057459052652121 -0.087993137538433 -0.089180029928684 -0.069981448352337 -0.06944977492094
-0.75624084472656 -0.65594154596329 -0.59430944919586 -0.56165832281113 -0.50054824352264 -0.39467680454254 -0.37134057283401 -0.26755985617638 -0.13161699473858 -0.037290807813406 0.065985471010208 0.17380532622337 0.17517599463463 0.26503401994705 0.29851046204567 0.22922737896442 0.19624122977257 0.14930111169815 0.08920768648386 0.046556539833546 -0.039492279291153 -0.05253854393959 -0.090046137571335 -0.099585518240929 -0.10732536762953 -0.1347479224205 -0.10838297754526 -0.11314116418362 -0.13792672753334 -0.11428681761026 -0.1558892428875 -0.10473814606667 -0.12525427341461 -0.14404471218586 -0.099132984876633 -0.07130865752697 -0.12423519790173 -0.082382306456566 -0.1393000036478 -0.067721866071224 -0.083006709814072 -0.091939143836498 -0.10588175803423 -0.092304050922394 -0.081136904656887
-0.73167461156845 -0.70581591129303 -0.59800207614899 -0.54981964826584 -0.50810533761978 -0.39548817276955 -0.30150425434113 -0.22626399993896 -0.15563187003136 -0.043804243206978 0.068081423640251 0.19299966096878 0.24906773865223 0.31926837563515 0.33589208126068 0.32009166479111 0.24305924773216 0.12029968202114 0.058120787143707 0.020985815674067 -0.031901992857456 -0.045976731926203 -0.090865589678288 -0.10140211880207 -0.093130171298981 -0.12592399120331 -0.16094715893269 -0.13860104978085 -0.11041307449341 -0.11351277679205 -0.068321630358696 -0.1095582023263 -0.14512237906456 -0.13211777806282 -0.11674198508263 -0.10574122518301 -0.070444263517857 -0.085486762225628 -0.084591045975685 -0.079790264368057 -0.052221957594156 -0.07319700717926 -0.087378636002541 -0.077756300568581 -0.071771487593651
