MatLab_Code/mc_gn2e.grd
DSAA
241 241
-2000 22000
-2000 22000
-1.7127633094788 3.0242972373962
[rows 100 to 119 of 241, columns 135 to 179 of 241]
-0.21389338374138 -0.26315051317215 -0.38928660750389 -0.46715795993805 -0.6033992767334 -0.6763528585434 -0.75892353057861 -0.80194640159607 -0.89077359437943 -0.97646564245224 -0.97853934764862 -0.9856761097908 -1.0673456192017 -1.0085542201996 -0.97926110029221 -0.9718986749649 -0.9911642074585 -1.0254771709442 -1.0227673053741 -1.1077175140381 -1.2119668722153 -1.295276761055 -1.3495093584061 -1.4661648273468 -1.5647743940353 -1.6787552833557 -1.7034068107605 -1.6186282634735 -1.5352177619934 -1.5130897760391 -1.5094549655914 -1.4383523464203 -1.4020702838898 -1.3387671709061 -1.3248654603958 -1.2974724769592 -1.2459101676941 -1.1571099758148 -1.0856651067734 -1.1007159948349 -1.0121630430222 -0.93214678764343 -0.86961275339127 -0.83430451154709 -0.79790019989014
-0.21053244173527 -0.32445818185806 -0.37828001379967 -0.48126408457756 -0.54404556751251 -0.67375981807709 -0.76562494039536 -0.8399463891983 -0.93080163002014 -0.97783529758453 -0.96256768703461 -1.0109376907349 -1.034849524498 -1.0107818841934 -1.0003740787506 -0.95199275016785 -0.9377458691597 -1.0073980093002 -1.0343798398972 -1.1116355657578 -1.2215188741684 -1.2888222932816 -1.3751866817474 -1.4902547597885 -1.5384640693665 -1.6305589675903 -1.7127633094788 -1.5657864809036 -1.5679548978806 -1.5167372226715 -1.4755463600159 -1.402881860733 -1.3817484378815 -1.3556743860245 -1.3132095336914 -1.2836945056915 -1.2252162694931 -1.1447515487671 -1.1344157457352 -1.0886616706848 -1.0371490716934 -0.94322234392166 -0.85218352079391 -0.88076597452164 -0.81771355867386
-0.20934969186783 -0.29803016781807 -0.40029683709145 -0.45882773399353 -0.58925247192383 -0.6645000576973 -0.7943811416626 -0.85720002651215 -0.9215994477272 -0.97402256727219 -1.0257616043091 -1.0713777542114 -1.033331155777 -1.0598417520523 -1.0662990808487 -1.0166846513748 -1.0223370790482 -1.0037286281586 -1.094309926033 -1.1048336029053 -1.2661955356598 -1.3173040151596 -1.3991583585739 -1.4888778924942 -1.5158197879791 -1.618573307991 -1.5840222835541 -1.5961492061615 -1.5202139616013 -1.4957724809647 -1.4873170852661 -1.4536484479904 -1.38856112957 -1.3644731044769 -1.2791860103607 -1.2527124881744 -1.2218571901321 -1.2037644386292 -1.0908741950989 -1.0975106954575 -1.0384122133255 -0.96011531352997 -0.91036695241928 -0.84951770305634 -0.79778546094894
-0.22325895726681 -0.31556925177574 -0.39614513516426 -0.55199229717255 -0.63404709100723 -0.6927028298378 -0.77399015426636 -0.86590832471848 -0.92069905996323 -0.99142694473267 -1.0029430389404 -1.0794336795807 -1.089256644249 -1.0950012207031 -1.0614987611771 -1.0511387586594 -1.0153216123581 -1.063805103302 -1.1196913719177 -1.2034171819687 -1.2536284923553 -1.3637783527374 -1.420961022377 -1.4691108465195 -1.5053043365479 -1.5369927883148 -1.5843955278397 -1.5586395263672 -1.5236186981201 -1.4797428846359 -1.4913234710693 -1.4371438026428 -1.4250138998032 -1.3432152271271 -1.3241491317749 -1.2352195978165 -1.2342264652252 -1.1845486164093 -1.1225732564926 -1.0733298063278 -1.0363138914108 -0.96403133869171 -0.93740296363831 -0.8601878285408 -0.82495659589767
-0.22578398883343 -0.30364301800728 -0.45368313789368 -0.50755727291107 -0.60812705755234 -0.6635006070137 -0.76721006631851 -0.88345575332642 -0.96845263242722 -0.9739533662796 -1.0475041866302 -1.0863816738129 -1.0658440589905 -1.1502816677094 -1.1168066263199 -1.1412042379379 -1.1580853462219 -1.0919381380081 -1.1825541257858 -1.2230161428452 -1.3459796905518 -1.3482234477997 -1.4699281454086 -1.4877970218658 -1.5325129032135 -1.5563551187515 -1.5475775003433 -1.5591617822647 -1.5446368455887 -1.5394270420074 -1.4867639541626 -1.4496866464615 -1.3930014371872 -1.3465075492859 -1.3184533119202 -1.2582210302353 -1.2155565023422 -1.1234430074692 -1.1334755420685 -1.0611844062805 -0.99246609210968 -0.98659747838974 -0.92474514245987 -0.88652300834656 -0.81500071287155
-0.24887172877789 -0.32522308826447 -0.43481814861298 -0.57261425256729 -0.61150050163269 -0.69946444034576 -0.80614799261093 -0.92224711179733 -0.94717806577682 -0.95840346813202 -1.087318778038 -1.1228696107864 -1.1279964447021 -1.1278929710388 -1.1589457988739 -1.1629909276962 -1.1919293403625 -1.1957877874374 -1.2213726043701 -1.2515355348587 -1.3585085868835 -1.4149408340454 -1.4926137924194 -1.5031309127808 -1.5317783355713 -1.5655299425125 -1.5793342590332 -1.5444504022598 -1.5509297847748 -1.4857697486877 -1.4877952337265 -1.4634932279587 -1.4185256958008 -1.3635787963867 -1.3727549314499 -1.2917317152023 -1.2433520555496 -1.2145496606827 -1.1411789655685 -1.1135112047195 -1.029213309288 -0.97320991754532 -0.91886758804321 -0.86625593900681 -0.80291497707367
-0.23274539411068 -0.33526507019997 -0.42006304860115 -0.54428952932358 -0.61963951587677 -0.72432863712311 -0.82577455043793 -0.89630436897278 -0.97273278236389 -1.0382612943649 -1.0480823516846 -1.0972343683243 -1.1485922336578 -1.1625318527222 -1.2292211055756 -1.1800177097321 -1.2443891763687 -1.2857708930969 -1.313964009285 -1.2843210697174 -1.4017931222916 -1.4525310993195 -1.4812182188034 -1.546221613884 -1.5554937124252 -1.5655882358551 -1.5494986772537 -1.5603764057159 -1.5417819023132 -1.4942829608917 -1.4892796278 -1.4428955316544 -1.4095194339752 -1.4015774726868 -1.3072929382324 -1.286160826683 -1.2062400579453 -1.1510959863663 -1.1262284517288 -1.0757970809937 -1.0341427326202 -0.96521466970444 -0.9377344250679 -0.88424724340439 -0.83251231908798
-0.2859970331192 -0.37929236888885 -0.43062454462051 -0.55036056041718 -0.61751198768616 -0.71304929256439 -0.80852103233337 -0.91902649402618 -0.94830030202866 -1.0726627111435 -1.1135809421539 -1.1670536994934 -1.2106425762177 -1.2308617830276 -1.2282565832138 -1.2864845991135 -1.3147460222244 -1.3640120029449 -1.3916829824448 -1.4163154363632 -1.397270321846 -1.4694948196411 -1.5064804553986 -1.5543979406357 -1.5688699483871 -1.5922815799713 -1.5952581167221 -1.5916296243668 -1.5392932891846 -1.4885766506195 -1.4380539655685 -1.4758965969086 -1.4100785255432 -1.3894308805466 -1.2914823293686 -1.2859157323837 -1.2249685525894 -1.1767910718918 -1.1534249782562 -1.0705602169037 -1.0944864749908 -0.99385589361191 -0.90651136636734 -0.85974234342575 -0.8312332034111
-0.26562947034836 -0.37452778220177 -0.4369412958622 -0.56881529092789 -0.64203786849976 -0.73010671138763 -0.80284088850021 -0.93193870782852 -0.95847141742706 -1.0658285617828 -1.1066232919693 -1.209135890007 -1.2426620721817 -1.2608946561813 -1.3170005083084 -1.3716204166412 -1.3435983657837 -1.3938043117523 -1.4047251939774 -1.4489045143127 -1.4578648805618 -1.47935795784 -1.5357602834702 -1.5660184621811 -1.5589699745178 -1.5889967679977 -1.5782488584518 -1.539405465126 -1.5662204027176 -1.5449756383896 -1.483421087265 -1.4491097927094 -1.4477235078812 -1.3759028911591 -1.3247380256653 -1.2726384401321 -1.2317785024643 -1.1753604412079 -1.1055186986923 -1.0461317300797 -1.0154910087585 -0.9471982717514 -0.90776216983795 -0.83490192890167 -0.77585482597351
-0.26005685329437 -0.39502575993538 -0.46904516220093 -0.55051374435425 -0.66698563098907 -0.75494492053986 -0.8601485490799 -0.94348084926605 -1.0152505636215 -1.0778530836105 -1.0782197713852 -1.1800537109375 -1.2320140600204 -1.3074371814728 -1.3167779445648 -1.3389499187469 -1.3935797214508 -1.4123578071594 -1.4474861621857 -1.5110100507736 -1.5345910787582 -1.5808306932449 -1.5749682188034 -1.6048626899719 -1.5757442712784 -1.6017121076584 -1.5861383676529 -1.5346641540527 -1.5316541194916 -1.5245945453644 -1.4911509752274 -1.4868597984314 -1.4027262926102 -1.3516408205032 -1.3390439748764 -1.2761446237564 -1.2462692260742 -1.2076677083969 -1.1432701349258 -1.0730432271957 -0.97811377048492 -0.96163880825043 -0.91059523820877 -0.86041808128357 -0.82270818948746
-0.32896003127098 -0.35265782475471 -0.53057610988617 -0.56820094585419 -0.69801825284958 -0.80049061775208 -0.84382849931717 -0.93373733758926 -1.0345704555511 -1.0875980854034 -1.1183809041977 -1.1929621696472 -1.2977751493454 -1.2955242395401 -1.3467879295349 -1.3930959701538 -1.4011851549149 -1.4540946483612 -1.4995720386505 -1.5226503610611 -1.5139493942261 -1.5936572551727 -1.5884889364243 -1.6090780496597 -1.6121374368668 -1.5945137739182 -1.5939487218857 -1.5748695135117 -1.5289784669876 -1.5107235908508 -1.5040748119354 -1.4524376392365 -1.4317506551743 -1.3629901409149 -1.3302915096283 -1.286269903183 -1.2311675548553 -1.173716545105 -1.1769421100616 -1.0640308856964 -1.0384612083435 -0.96832019090652 -0.89192259311676 -0.84477311372757 -0.83880567550659
-0.28112360835075 -0.40292146801949 -0.51408112049103 -0.60608726739883 -0.64725977182388 -0.78931266069412 -0.89817261695862 -0.90813517570496 -1.0219637155533 -1.0604867935181 -1.1227158308029 -1.2166723012924 -1.2928650379181 -1.3093861341476 -1.3658225536346 -1.4195812940598 -1.4519791603088 -1.4850442409515 -1.5073997974396 -1.5378456115723 -1.5546642541885 -1.5745655298233 -1.5861276388168 -1.5800188779831 -1.5954419374466 -1.6041451692581 -1.5633012056351 -1.5757409334183 -1.527118563652 -1.5419631004333 -1.4609806537628 -1.4290924072266 -1.4224917888641 -1.3643242120743 -1.2958678007126 -1.2717266082764 -1.2272627353668 -1.166571855545 -1.1444687843323 -1.0718861818314 -1.0394690036774 -0.96544533967972 -0.8980553150177 -0.86044150590897 -0.83043944835663
-0.30464375019073 -0.38516813516617 -0.49971926212311 -0.64128166437149 -0.71732771396637 -0.78763610124588 -0.87441885471344 -0.94131916761398 -1.0115649700165 -1.0644170045853 -1.1377503871918 -1.1730182170868 -1.2650836706161 -1.3513178825378 -1.3815604448318 -1.4437413215637 -1.4692912101746 -1.5156350135803 -1.5182688236237 -1.5599607229233 -1.5813113451004 -1.6313309669495 -1.5736532211304 -1.6329338550568 -1.6040773391724 -1.5891969203949 -1.5319920778275 -1.5690721273422 -1.5562796592712 -1.5116441249847 -1.5011814832687 -1.4635155200958 -1.4234807491302 -1.3965157270432 -1.3325047492981 -1.3272662162781 -1.2293560504913 -1.1730618476868 -1.1223738193512 -1.0744037628174 -1.0037772655487 -0.99600458145142 -0.91870975494385 -0.8925067782402 -0.87152600288391
-0.32884058356285 -0.45959052443504 -0.50969099998474 -0.624476313591 -0.71361178159714 -0.75701898336411 -0.86314982175827 -0.96453154087067 -1.0644607543945 -1.1375950574875 -1.1534000635147 -1.2628552913666 -1.2630307674408 -1.3240323066711 -1.4220963716507 -1.4512989521027 -1.4904479980469 -1.4809435606003 -1.5116916894913 -1.5525938272476 -1.5461992025375 -1.5847359895706 -1.5827640295029 -1.6342710256577 -1.6254484653473 -1.6364279985428 -1.6057249307632 -1.5648949146271 -1.5488774776459 -1.5260952711105 -1.5248222351074 -1.4549279212952 -1.4195648431778 -1.3824118375778 -1.2823221683502 -1.2695827484131 -1.2361617088318 -1.1840733289719 -1.1231434345245 -1.0334511995316 -1.0178446769714 -0.96072071790695 -0.94674229621887 -0.85581260919571 -0.82083159685135
-0.35678839683533 -0.42342129349709 -0.52823114395142 -0.60229378938675 -0.70667451620102 -0.80836355686188 -0.88368153572083 -0.9626179933548 -1.0337338447571 -1.1178711652756 -1.1499019861221 -1.2175331115723 -1.3017255067825 -1.331658244133 -1.428543806076 -1.4294078350067 -1.4599807262421 -1.5131852626801 -1.5432517528534 -1.5588631629944 -1.5766168832779 -1.5804041624069 -1.6142008304596 -1.6202753782272 -1.5900000333786 -1.5609685182571 -1.5815402269363 -1.5595328807831 -1.5616391897202 -1.4845629930496 -1.4872725009918 -1.484680056572 -1.3748829364777 -1.3674936294556 -1.2815457582474 -1.2755341529846 -1.1738195419312 -1.1781322956085 -1.1254848241806 -1.065305352211 -0.98116236925125 -0.9428768157959 -0.8862037062645 -0.87132465839386 -0.8117161989212
-0.32916685938835 -0.45643204450607 -0.48234462738037 -0.63449430465698 -0.70056611299515 -0.80623346567154 -0.86423164606094 -0.96994113922119 -1.0373554229736 -1.1132416725159 -1.1887855529785 -1.2578862905502 -1.2822872400284 -1.3438711166382 -1.4096895456314 -1.4477347135544 -1.4776563644409 -1.5032908916473 -1.5440511703491 -1.5445005893707 -1.5766826868057 -1.574761390686 -1.6141440868378 -1.6104362010956 -1.5872713327408 -1.6001371145248 -1.5967692136765 -1.5591931343079 -1.5471088886261 -1.50366294384 -1.4737902879715 -1.4523527622223 -1.3831663131714 -1.3694019317627 -1.32210958004 -1.2675400972366 -1.2055330276489 -1.1832418441772 -1.0807861089706 -1.0572578907013 -1.0108917951584 -0.98456960916519 -0.89929676055908 -0.85735350847244 -0.81867039203644
-0.31669157743454 -0.45993518829346 -0.51555383205414 -0.62863320112228 -0.71134412288666 -0.80748623609543 -0.91999858617783 -0.93232595920563 -1.0090624094009 -1.1269255876541 -1.1725615262985 -1.265282034874 -1.2736030817032 -1.3478975296021 -1.3928289413452 -1.4857461452484 -1.484227180481 -1.5184637308121 -1.6004620790482 -1.5561730861664 -1.6158435344696 -1.6015963554382 -1.6356327533722 -1.6421308517456 -1.6138447523117 -1.5776736736298 -1.5915313959122 -1.5290020704269 -1.5283890962601 -1.5403643846512 -1.4298349618912 -1.447122335434 -1.3915082216263 -1.3610663414001 -1.27172768116 -1.2668359279633 -1.2038910388947 -1.1731770038605 -1.1020481586456 -1.0678743124008 -0.98242223262787 -0.9418870806694 -0.90302562713623 -0.84622830152512 -0.80569100379944
-0.38319310545921 -0.47189146280289 -0.53686833381653 -0.63234794139862 -0.73774749040604 -0.83763003349304 -0.8991334438324 -0.96071338653564 -1.0196430683136 -1.1464030742645 -1.1863325834274 -1.2646903991699 -1.3117016553879 -1.36174929142 -1.4262700080872 -1.4525760412216 -1.4908208847046 -1.515326499939 -1.5433999300003 -1.5472280979156 -1.5950503349304 -1.5765279531479 -1.6113218069077 -1.6205785274506 -1.5938342809677 -1.6209583282471 -1.5545388460159 -1.5400731563568 -1.5458203554153 -1.5006392002106 -1.4399619102478 -1.4131329059601 -1.3771321773529 -1.3158785104752 -1.330815911293 -1.233295917511 -1.1828031539917 -1.1737056970596 -1.1173386573792 -1.0341243743896 -0.97841435670853 -0.9515346288681 -0.91295862197876 -0.86419212818146 -0.80049461126328
-0.36473926901817 -0.47711274027824 -0.53047615289688 -0.62342822551727 -0.75736773014069 -0.75565481185913 -0.91931444406509 -0.96913158893585 -1.0838123559952 -1.1060570478439 -1.1923252344131 -1.2291104793549 -1.293125629425 -1.3330385684967 -1.383896946907 -1.4588396549225 -1.4753860235214 -1.4994252920151 -1.5371317863464 -1.5759692192078 -1.6025387048721 -1.5457965135574 -1.5730477571487 -1.6147955656052 -1.5829447507858 -1.5759210586548 -1.556022644043 -1.5701751708984 -1.4791476726532 -1.5080019235611 -1.4467709064484 -1.39823782444 -1.3633127212524 -1.332859992981 -1.2821971178055 -1.2339640855789 -1.1898144483566 -1.1445171833038 -1.0934069156647 -1.0619118213654 -0.98440325260162 -0.93683969974518 -0.86998206377029 -0.83383631706238 -0.83336806297302
-0.38753101229668 -0.50290739536285 -0.54947286844254 -0.61930871009827 -0.73728048801422 -0.8011988401413 -0.88641911745071 -0.95736300945282 -1.0145652294159 -1.1152467727661 -1.168129324913 -1.2439601421356 -1.3133206367493 -1.3496997356415 -1.3582646846771 -1.4448530673981 -1.5092867612839 -1.5098892450333 -1.5430357456207 -1.535014629364 -1.5748027563095 -1.5850512981415 -1.5938147306442 -1.571576833725 -1.539829492569 -1.526741027832 -1.5417060852051 -1.5332853794098 -1.5285588502884 -1.4892265796661 -1.463210105896 -1.4215395450592 -1.3514013290405 -1.3261781930923 -1.2785775661469 -1.2266925573349 -1.1664267778397 -1.133985042572 -1.0795377492905 -1.0696026086807 -0.99192422628403 -0.92075288295746 -0.903440117836 -0.81098085641861 -0.78241366147995
