MatLab_Code/mc_g.grd
DSAA
201 201
0 20000
0 20000
-1.72632 2.99095
[rows 140 to 167 of 201, columns 126 to 188 of 201]
-0.194011 -0.198852 -0.196963 -0.176031 -0.122344 -0.129547 -0.197644 -0.233006 -0.24936 -0.259037 -0.266067 -0.271829 -0.276882 -0.281508 -0.285892 -0.290185 -0.29454 -0.299122 -0.304127 -0.309789 -0.316395 -0.324302 -0.333957 -0.345925 -0.360927 -0.379886 -0.403979 -0.434701 -0.473904 -0.52377 -0.586602 -0.664208 -0.756547 -0.859541 -0.963066 -1.0518 -1.11009 -1.12724 -1.09964 -1.03093 -0.93184 -0.818044 -0.704897 -0.602555 -0.515126 -0.442682 -0.383451 -0.33516 -0.29566 -0.263134 -0.236122 -0.213477 -0.194311 -0.177936 -0.163817 -0.151539 -0.140774 -0.131264 -0.122805 -0.115231 -0.10841 -0.102233 -0.0966114
-0.179501 -0.183866 -0.181544 -0.160223 -0.106195 -0.113104 -0.180959 -0.216134 -0.232354 -0.241955 -0.248967 -0.254772 -0.25993 -0.264727 -0.269349 -0.273952 -0.278692 -0.283742 -0.289305 -0.295626 -0.303007 -0.311821 -0.322541 -0.335765 -0.352255 -0.372988 -0.399211 -0.4325 -0.474803 -0.528398 -0.595665 -0.678423 -0.776521 -0.88558 -0.994963 -1.08869 -1.15045 -1.1691 -1.14084 -1.06948 -0.966229 -0.847398 -0.729003 -0.62171 -0.529927 -0.453836 -0.391646 -0.34101 -0.299677 -0.265733 -0.237632 -0.214157 -0.194362 -0.177514 -0.163043 -0.150506 -0.139555 -0.129916 -0.121371 -0.113744 -0.106896 -0.100712 -0.0950985
-0.166553 -0.171463 -0.172332 -0.165354 -0.152534 -0.15917 -0.185272 -0.205563 -0.218062 -0.226603 -0.233272 -0.238988 -0.244184 -0.249105 -0.253924 -0.258794 -0.263874 -0.269339 -0.275398 -0.282307 -0.290376 -0.299997 -0.311662 -0.325994 -0.343789 -0.366064 -0.394115 -0.429576 -0.474453 -0.531077 -0.601857 -0.688586 -0.790999 -0.904486 -1.01806 -1.11532 -1.17956 -1.19933 -1.17072 -1.09767 -0.991642 -0.869381 -0.747315 -0.636456 -0.541441 -0.462564 -0.398059 -0.345544 -0.302718 -0.267602 -0.238591 -0.214417 -0.194091 -0.176842 -0.162075 -0.149322 -0.138218 -0.128474 -0.119862 -0.112198 -0.105335 -0.099154 -0.0935563
-0.154826 -0.160514 -0.164368 -0.166056 -0.167644 -0.174024 -0.185207 -0.196326 -0.205343 -0.21262 -0.218811 -0.224361 -0.229545 -0.234549 -0.239527 -0.244624 -0.249997 -0.255823 -0.262317 -0.26974 -0.278413 -0.288739 -0.301225 -0.316515 -0.33543 -0.359015 -0.388601 -0.425858 -0.472824 -0.531857 -0.605365 -0.695103 -0.800709 -0.917402 -1.03397 -1.13373 -1.19973 -1.22034 -1.19161 -1.1175 -1.00969 -0.885148 -0.760578 -0.64722 -0.549881 -0.468948 -0.402692 -0.348731 -0.304735 -0.268689 -0.23895 -0.214214 -0.193459 -0.17589 -0.160886 -0.147963 -0.136742 -0.126923 -0.118266 -0.110583 -0.10372 -0.0975526 -0.0919797
-0.14397 -0.150153 -0.155522 -0.160255 -0.165158 -0.171297 -0.178685 -0.186283 -0.193316 -0.19964 -0.205397 -0.210767 -0.215912 -0.22097 -0.226073 -0.231358 -0.236978 -0.243113 -0.24998 -0.257844 -0.267035 -0.277963 -0.291148 -0.307248 -0.327101 -0.351773 -0.382616 -0.421321 -0.469946 -0.530854 -0.606444 -0.69843 -0.806372 -0.925374 -1.04407 -1.1456 -1.21288 -1.23415 -1.20542 -1.1307 -1.02177 -0.895761 -0.769532 -0.654479 -0.555524 -0.47313 -0.405608 -0.350581 -0.305713 -0.268967 -0.238678 -0.213516 -0.192439 -0.17463 -0.159454 -0.146412 -0.135114 -0.125249 -0.116574 -0.108891 -0.102043 -0.0959022 -0.0903642
-0.13379 -0.140141 -0.14606 -0.151687 -0.157312 -0.163224 -0.169435 -0.175691 -0.181731 -0.187453 -0.19288 -0.198092 -0.20319 -0.208281 -0.213479 -0.218915 -0.224739 -0.231131 -0.23831 -0.246543 -0.256166 -0.267595 -0.281358 -0.298122 -0.318739 -0.344285 -0.376127 -0.415968 -0.465872 -0.528204 -0.605345 -0.698978 -0.808608 -0.929256 -1.04945 -1.15225 -1.22045 -1.24224 -1.21361 -1.13858 -1.029 -0.902087 -0.774811 -0.658665 -0.558646 -0.475275 -0.40689 -0.351132 -0.305659 -0.268427 -0.237757 -0.212304 -0.191009 -0.173045 -0.157762 -0.144654 -0.13332 -0.123444 -0.114776 -0.107114 -0.100299 -0.094198 -0.0887059
-0.12421 -0.130519 -0.136535 -0.142336 -0.148036 -0.153732 -0.15944 -0.165095 -0.170616 -0.175967 -0.181159 -0.186244 -0.191295 -0.196401 -0.201669 -0.207222 -0.213208 -0.219807 -0.227237 -0.235768 -0.245738 -0.257568 -0.271791 -0.28908 -0.310291 -0.336512 -0.369115 -0.409808 -0.460658 -0.524025 -0.60228 -0.69708 -0.807891 -0.929684 -1.05093 -1.15462 -1.22349 -1.2457 -1.21721 -1.14208 -1.03217 -0.904775 -0.77691 -0.66013 -0.559484 -0.475528 -0.406625 -0.350425 -0.304589 -0.26707 -0.236179 -0.210564 -0.189157 -0.171121 -0.155799 -0.142677 -0.131351 -0.121498 -0.112865 -0.105248 -0.0984822 -0.0924363 -0.0870019
-0.115205 -0.121361 -0.127283 -0.133013 -0.138602 -0.144093 -0.149504 -0.154824 -0.160039 -0.165146 -0.170168 -0.175148 -0.180152 -0.185261 -0.190573 -0.19621 -0.202318 -0.209073 -0.216696 -0.225456 -0.235691 -0.247825 -0.262392 -0.280069 -0.301715 -0.32842 -0.36156 -0.402845 -0.454343 -0.518408 -0.597403 -0.69297 -0.804551 -0.92709 -1.04902 -1.15331 -1.22266 -1.2452 -1.21691 -1.14182 -1.03184 -0.904271 -0.776172 -0.659127 -0.558212 -0.474005 -0.404881 -0.348498 -0.30252 -0.264899 -0.233941 -0.20829 -0.186873 -0.168848 -0.153555 -0.140475 -0.1292 -0.119406 -0.110837 -0.103286 -0.0965902 -0.0906143 -0.0852499
-0.106762 -0.112715 -0.118464 -0.124035 -0.129456 -0.134752 -0.139941 -0.145032 -0.150034 -0.154964 -0.159852 -0.164742 -0.169697 -0.174793 -0.180128 -0.185818 -0.192007 -0.198872 -0.20663 -0.21555 -0.22597 -0.238312 -0.253112 -0.271044 -0.292969 -0.319976 -0.353442 -0.395075 -0.446943 -0.511397 -0.590796 -0.686777 -0.798774 -0.921719 -1.04404 -1.14868 -1.21834 -1.24116 -1.21308 -1.13816 -1.02831 -0.90083 -0.772797 -0.655804 -0.554934 -0.470773 -0.4017 -0.345375 -0.299464 -0.261917 -0.231041 -0.205477 -0.184152 -0.166222 -0.151025 -0.138042 -0.126863 -0.117164 -0.108688 -0.101229 -0.0946207 -0.0887304 -0.0834486
-0.0988626 -0.104593 -0.110141 -0.115523 -0.120759 -0.125868 -0.130867 -0.135774 -0.140608 -0.145394 -0.150167 -0.154973 -0.159873 -0.164942 -0.170276 -0.175989 -0.182222 -0.189149 -0.196986 -0.206001 -0.216526 -0.228984 -0.243905 -0.261963 -0.284015 -0.311147 -0.344731 -0.386475 -0.438444 -0.50299 -0.582472 -0.67853 -0.790605 -0.913636 -1.03606 -1.14083 -1.21066 -1.23367 -1.20584 -1.13121 -1.02167 -0.894529 -0.766847 -0.650206 -0.549683 -0.465853 -0.397094 -0.341062 -0.295421 -0.258124 -0.227477 -0.202123 -0.180991 -0.163239 -0.148206 -0.135375 -0.124337 -0.11477 -0.106417 -0.0990729 -0.092573 -0.086784 -0.0815977
-0.0914844 -0.0969877 -0.102326 -0.107511 -0.11256 -0.117489 -0.122316 -0.127061 -0.131747 -0.136404 -0.14107 -0.145791 -0.150628 -0.155656 -0.160966 -0.166672 -0.172912 -0.179857 -0.187719 -0.196763 -0.207317 -0.219799 -0.234734 -0.25279 -0.274816 -0.301894 -0.33539 -0.377005 -0.428803 -0.493136 -0.572369 -0.668156 -0.779956 -0.902737 -1.02496 -1.12963 -1.19946 -1.22261 -1.19505 -1.12083 -1.01181 -0.885274 -0.758246 -0.642276 -0.542415 -0.459216 -0.391043 -0.335545 -0.290385 -0.253514 -0.223246 -0.198227 -0.17739 -0.1599 -0.145099 -0.132476 -0.121625 -0.112226 -0.104025 -0.09682 -0.0904475 -0.0847757 -0.0796976
-0.0846009 -0.0898804 -0.0950095 -0.0999995 -0.104864 -0.10962 -0.114283 -0.118877 -0.123426 -0.127961 -0.132521 -0.137153 -0.141918 -0.146888 -0.152152 -0.157823 -0.164034 -0.170953 -0.178788 -0.187798 -0.198307 -0.210723 -0.225564 -0.24349 -0.265339 -0.292181 -0.325374 -0.36661 -0.417946 -0.481735 -0.560355 -0.655478 -0.766601 -0.888741 -1.01042 -1.11469 -1.18434 -1.20755 -1.18032 -1.10666 -0.99841 -0.872795 -0.746779 -0.631853 -0.533014 -0.450782 -0.383496 -0.328794 -0.284337 -0.248081 -0.218346 -0.193788 -0.173351 -0.156207 -0.141708 -0.129347 -0.118727 -0.109533 -0.101514 -0.094472 -0.0882461 -0.0827071 -0.0777498
-0.0781834 -0.0832458 -0.0881711 -0.0929701 -0.0976555 -0.102243 -0.10675 -0.111198 -0.115614 -0.120029 -0.124481 -0.129019 -0.1337 -0.138596 -0.143794 -0.149401 -0.155549 -0.162401 -0.170159 -0.179075 -0.189464 -0.201727 -0.216368 -0.234035 -0.255552 -0.281972 -0.314636 -0.355222 -0.405775 -0.468648 -0.546227 -0.640218 -0.75017 -0.871178 -0.991862 -1.09537 -1.1646 -1.18778 -1.16092 -1.08805 -0.980904 -0.856631 -0.732089 -0.618672 -0.521297 -0.44043 -0.374377 -0.320765 -0.277255 -0.241814 -0.212776 -0.188812 -0.16888 -0.152167 -0.138038 -0.125996 -0.115652 -0.106697 -0.0988891 -0.0920328 -0.0859722 -0.080581 -0.0757567
-0.0722029 -0.0770562 -0.0817846 -0.0863983 -0.0909097 -0.0953339 -0.0996886 -0.103995 -0.10828 -0.112574 -0.116916 -0.121351 -0.125937 -0.130743 -0.135853 -0.141372 -0.147425 -0.15417 -0.161803 -0.170566 -0.180766 -0.192789 -0.207126 -0.224406 -0.245433 -0.271236 -0.30313 -0.34277 -0.392179 -0.453699 -0.529725 -0.621999 -0.730145 -0.849373 -0.968456 -1.07071 -1.13917 -1.16219 -1.13582 -1.06403 -0.958468 -0.836117 -0.71367 -0.60237 -0.507018 -0.428002 -0.363593 -0.311408 -0.269118 -0.23471 -0.20654 -0.183306 -0.163989 -0.147793 -0.134101 -0.122432 -0.112406 -0.103726 -0.0961559 -0.0895077 -0.0836302 -0.0784012 -0.0737216
-0.0666308 -0.0712835 -0.0758222 -0.0802569 -0.0845998 -0.0888654 -0.0930712 -0.0972384 -0.101392 -0.105564 -0.10979 -0.114116 -0.118596 -0.123297 -0.1283 -0.133705 -0.139633 -0.146234 -0.153696 -0.162252 -0.172195 -0.183896 -0.197827 -0.214592 -0.234969 -0.259954 -0.290823 -0.329192 -0.377047 -0.436703 -0.510549 -0.600365 -0.705869 -0.822438 -0.939074 -1.03936 -1.10658 -1.12927 -1.10353 -1.03328 -0.929981 -0.81037 -0.690874 -0.582502 -0.489889 -0.413328 -0.351052 -0.300681 -0.259914 -0.226772 -0.199653 -0.177289 -0.158694 -0.1431 -0.129913 -0.118667 -0.109001 -0.100629 -0.093323 -0.0869038 -0.081226 -0.0761727 -0.0716485
-0.0614396 -0.0659 -0.0702563 -0.0745183 -0.0786978 -0.0828089 -0.0868687 -0.0908977 -0.0949206 -0.0989672 -0.103073 -0.107282 -0.111646 -0.116228 -0.121107 -0.126375 -0.13215 -0.138573 -0.145823 -0.15412 -0.163742 -0.175043 -0.188469 -0.204597 -0.224165 -0.248126 -0.277703 -0.314452 -0.360295 -0.41749 -0.488398 -0.574818 -0.67658 -0.789289 -0.902293 -0.999596 -1.06489 -1.08699 -1.06212 -0.994065 -0.894025 -0.778317 -0.662949 -0.558582 -0.469624 -0.396255 -0.336686 -0.288567 -0.249651 -0.218024 -0.192141 -0.170788 -0.153022 -0.138113 -0.125492 -0.114721 -0.105453 -0.0974179 -0.0904006 -0.0842295 -0.0787669 -0.0739014 -0.0695425
-0.0566029 -0.0608792 -0.0650602 -0.0691555 -0.0731765 -0.0771369 -0.0810532 -0.0849452 -0.0888367 -0.092756 -0.0967375 -0.100822 -0.10506 -0.109511 -0.114248 -0.11936 -0.124957 -0.131171 -0.138171 -0.146162 -0.155407 -0.166235 -0.179065 -0.194437 -0.213044 -0.23578 -0.263796 -0.298559 -0.341896 -0.395962 -0.463038 -0.544909 -0.641513 -0.748751 -0.856484 -0.94937 -1.01175 -1.03291 -1.00923 -0.944348 -0.848976 -0.738788 -0.629137 -0.530172 -0.446002 -0.376697 -0.320484 -0.275092 -0.238374 -0.208513 -0.184051 -0.163846 -0.147011 -0.132861 -0.120866 -0.110613 -0.101779 -0.0941086 -0.0874011 -0.081495 -0.076261 -0.0715942 -0.0674092
-0.0520963 -0.0561961 -0.0602086 -0.0641429 -0.0680101 -0.0718234 -0.0755986 -0.0793546 -0.0831141 -0.086904 -0.0907569 -0.0947115 -0.0988147 -0.103123 -0.107704 -0.112642 -0.118038 -0.124017 -0.130733 -0.138379 -0.147195 -0.157486 -0.16964 -0.184151 -0.201657 -0.222979 -0.249176 -0.281596 -0.321922 -0.372151 -0.434408 -0.510388 -0.600102 -0.699813 -0.800107 -0.886645 -0.944776 -0.964515 -0.942493 -0.88209 -0.793299 -0.690781 -0.588884 -0.497032 -0.418971 -0.3547 -0.302534 -0.260355 -0.226175 -0.198321 -0.175452 -0.156519 -0.140706 -0.127385 -0.116066 -0.106371 -0.0979996 -0.0907177 -0.0843382 -0.0787117 -0.0737179 -0.0692589 -0.0652552
-0.0478965 -0.0518272 -0.0556776 -0.0594564 -0.0631743 -0.066844 -0.0704803 -0.0741014 -0.0777286 -0.0813874 -0.0851082 -0.0889274 -0.0928888 -0.0970448 -0.101459 -0.106207 -0.111385 -0.117105 -0.12351 -0.130776 -0.139121 -0.148822 -0.16023 -0.173791 -0.190077 -0.209824 -0.233976 -0.263731 -0.300582 -0.346294 -0.402744 -0.471425 -0.552337 -0.642137 -0.732386 -0.810209 -0.862453 -0.880182 -0.860387 -0.806084 -0.726223 -0.633961 -0.542184 -0.45934 -0.388781 -0.330515 -0.283057 -0.244539 -0.213204 -0.187568 -0.166439 -0.148882 -0.134167 -0.12173 -0.11113 -0.102023 -0.0941392 -0.0872643 -0.0812276 -0.0758923 -0.0711477 -0.0669039 -0.0630873
-0.0439822 -0.0477507 -0.051445 -0.0550735 -0.0586465 -0.0621758 -0.0656757 -0.069163 -0.072658 -0.0761843 -0.0797704 -0.0834501 -0.0872638 -0.0912597 -0.0954963 -0.100044 -0.104987 -0.110431 -0.116503 -0.123362 -0.131204 -0.140275 -0.150885 -0.163428 -0.178405 -0.196455 -0.218389 -0.245231 -0.27824 -0.318885 -0.368697 -0.428845 -0.499196 -0.57679 -0.654402 -0.721118 -0.765822 -0.78095 -0.763954 -0.71739 -0.648832 -0.569402 -0.490024 -0.41793 -0.35609 -0.304643 -0.262429 -0.227925 -0.199668 -0.176408 -0.157128 -0.141024 -0.127462 -0.115949 -0.106097 -0.0976025 -0.0902236 -0.0837692 -0.0780859 -0.0730501 -0.0685615 -0.0645381 -0.0609128
-0.0403333 -0.0439461 -0.0474901 -0.0509734 -0.0544056 -0.0577979 -0.0611637 -0.0645188 -0.0678819 -0.0712752 -0.0747248 -0.0782618 -0.0819233 -0.0857535 -0.0898052 -0.0941421 -0.0988411 -0.103996 -0.10972 -0.116153 -0.123469 -0.131883 -0.141663 -0.153147 -0.166761 -0.183041 -0.202658 -0.226445 -0.255401 -0.290661 -0.333349 -0.384218 -0.442914 -0.506824 -0.570085 -0.6241 -0.660163 -0.6723 -0.658478 -0.620738 -0.565061 -0.500162 -0.434645 -0.374381 -0.32199 -0.277835 -0.241168 -0.210873 -0.185824 -0.165026 -0.147655 -0.133046 -0.120667 -0.110101 -0.101014 -0.0931441 -0.0862802 -0.0802542 -0.0749306 -0.0701993 -0.0659706 -0.0621709 -0.0587395
-0.0369314 -0.0403947 -0.043794 -0.0471369 -0.0504323 -0.053691 -0.0569253 -0.0601498 -0.063382 -0.0666421 -0.0699542 -0.0733466 -0.0768531 -0.0805135 -0.0843755 -0.088496 -0.0929434 -0.0978003 -0.103167 -0.109165 -0.115944 -0.123688 -0.132625 -0.143037 -0.155274 -0.169769 -0.187054 -0.207769 -0.232658 -0.262517 -0.298064 -0.339641 -0.386666 -0.436879 -0.485777 -0.527079 -0.554492 -0.563631 -0.552975 -0.524053 -0.481256 -0.430885 -0.379228 -0.330795 -0.287854 -0.250992 -0.219876 -0.193794 -0.171955 -0.153623 -0.138165 -0.125054 -0.113862 -0.104245 -0.0959265 -0.0886836 -0.0823369 -0.0767415 -0.0717793 -0.0673541 -0.0633867 -0.0598117 -0.0565751
-0.0337595 -0.0370791 -0.0403389 -0.043546 -0.0467089 -0.0498372 -0.0529427 -0.0560387 -0.0591412 -0.0622688 -0.0654433 -0.0686903 -0.0720403 -0.0755289 -0.0791986 -0.0830997 -0.0872924 -0.0918486 -0.0968549 -0.102416 -0.108658 -0.115735 -0.123836 -0.133189 -0.144073 -0.156825 -0.171846 -0.1896 -0.210598 -0.235342 -0.264205 -0.297202 -0.333624 -0.37159 -0.407814 -0.437976 -0.457819 -0.464333 -0.456457 -0.435259 -0.403755 -0.366211 -0.32695 -0.289269 -0.255051 -0.225015 -0.199151 -0.177092 -0.158343 -0.142398 -0.1288 -0.117152 -0.107124 -0.0984409 -0.0908794 -0.0842562 -0.0784216 -0.0732529 -0.0686496 -0.0645286 -0.060821 -0.0574698 -0.0544271
-0.0308015 -0.0339832 -0.0371086 -0.0401846 -0.0432187 -0.0462203 -0.0491998 -0.0521696 -0.0551443 -0.0581405 -0.0611782 -0.0642802 -0.0674736 -0.0707902 -0.0742673 -0.077949 -0.0818873 -0.0861442 -0.0907934 -0.0959228 -0.101638 -0.108064 -0.115354 -0.123687 -0.133278 -0.144377 -0.157274 -0.172283 -0.189724 -0.20987 -0.232845 -0.258466 -0.286011 -0.313997 -0.340113 -0.361504 -0.375411 -0.379874 -0.374192 -0.359071 -0.33648 -0.309183 -0.280041 -0.251371 -0.224663 -0.200644 -0.179504 -0.161124 -0.145238 -0.13153 -0.119692 -0.109439 -0.100526 -0.0927438 -0.0859158 -0.0798953 -0.0745604 -0.0698095 -0.0655583 -0.0617363 -0.0582848 -0.0551542 -0.052303
-0.0280431 -0.0310921 -0.0340881 -0.0370373 -0.0399469 -0.0428251 -0.0456817 -0.048528 -0.051377 -0.0542438 -0.0571462 -0.0601045 -0.0631428 -0.0662888 -0.069575 -0.0730397 -0.0767274 -0.0806906 -0.084991 -0.0897015 -0.0949079 -0.100711 -0.10723 -0.114601 -0.122986 -0.132562 -0.143526 -0.156075 -0.170388 -0.186579 -0.20462 -0.224238 -0.244787 -0.265147 -0.283732 -0.298694 -0.308285 -0.311267 -0.307196 -0.296523 -0.280491 -0.260853 -0.239463 -0.217914 -0.197331 -0.178366 -0.161297 -0.146157 -0.132838 -0.121167 -0.11095 -0.101997 -0.0941328 -0.0872032 -0.0810742 -0.0756313 -0.0707775 -0.0664305 -0.0625209 -0.05899 -0.0557882 -0.0528734 -0.0502099
-0.0254706 -0.0283921 -0.0312635 -0.0340903 -0.0368792 -0.0396378 -0.0423748 -0.0451004 -0.0478264 -0.0505662 -0.0533356 -0.0561526 -0.0590382 -0.0620165 -0.0651156 -0.0683681 -0.0718117 -0.0754903 -0.0794549 -0.0837646 -0.0884878 -0.0937038 -0.0995028 -0.105987 -0.113271 -0.121476 -0.130727 -0.141136 -0.152786 -0.16569 -0.179745 -0.194664 -0.209912 -0.224669 -0.237862 -0.2483 -0.254887 -0.256851 -0.253919 -0.24637 -0.234981 -0.220853 -0.205183 -0.18905 -0.173278 -0.158408 -0.144732 -0.132359 -0.121278 -0.111415 -0.102659 -0.0948923 -0.0879956 -0.0818601 -0.0763873 -0.0714904 -0.0670941 -0.0631331 -0.0595514 -0.056301 -0.0533408 -0.0506353 -0.0481542
-0.0230715 -0.0258706 -0.028622 -0.0313308 -0.034003 -0.0366456 -0.0392664 -0.0418746 -0.0444806 -0.0470964 -0.0497358 -0.0524146 -0.055151 -0.0579659 -0.0608831 -0.0639302 -0.0671387 -0.0705448 -0.0741898 -0.078121 -0.082392 -0.0870632 -0.092202 -0.0978817 -0.10418 -0.111176 -0.118942 -0.127533 -0.13697 -0.147213 -0.15813 -0.169461 -0.180783 -0.191509 -0.200915 -0.208233 -0.212774 -0.214059 -0.211917 -0.206525 -0.198365 -0.188132 -0.176601 -0.164498 -0.152418 -0.140786 -0.129869 -0.119803 -0.110632 -0.10234 -0.094876 -0.0881722 -0.0821538 -0.0767469 -0.0718816 -0.0674943 -0.0635279 -0.0599319 -0.056662 -0.0536795 -0.0509509 -0.0484468 -0.0461418
-0.0208343 -0.0235158 -0.0261517 -0.0287467 -0.0313063 -0.0338366 -0.0363448 -0.038839 -0.0413284 -0.0438235 -0.0463366 -0.0488811 -0.0514729 -0.0541296 -0.0568715 -0.0597216 -0.0627057 -0.0658534 -0.0691978 -0.0727758 -0.0766287 -0.0808015 -0.0853428 -0.0903033 -0.095734 -0.101682 -0.108184 -0.115257 -0.122889 -0.131015 -0.139503 -0.148133 -0.156582 -0.164433 -0.171199 -0.176379 -0.179537 -0.180373 -0.178782 -0.174873 -0.168952 -0.16146 -0.152902 -0.143769 -0.134484 -0.125374 -0.116663 -0.108488 -0.100918 -0.0939696 -0.0876299 -0.0818655 -0.0766333 -0.0718861 -0.0675766 -0.0636596 -0.0600931 -0.0568389 -0.0538627 -0.051134 -0.0486257 -0.046314 -0.0441779
