MatLab_Code/mc_gn2e.grd
DSAA
241 241
-2000 22000
-2000 22000
-1.7127633094788 3.0242972373962
[rows 100 to 119 of 241, columns 45 to 89 of 241]
0.32128524780273 0.35531654953957 0.37879008054733 0.39171981811523 0.3727500140667 0.44256514310837 0.44220104813576 0.46528831124306 0.5094051361084 0.5493038892746 0.53161799907684 0.59955030679703 0.57890242338181 0.65887486934662 0.70412176847458 0.73866826295853 0.76352363824844 0.74951022863388 0.85237157344818 0.90174090862274 0.91592645645142 1.0239408016205 1.0029838085175 1.113685965538 1.1601098775864 1.1728119850159 1.2093018293381 1.2635968923569 1.335548043251 1.3684655427933 1.3937158584595 1.3997550010681 1.4064390659332 1.430095911026 1.4517413377762 1.4361320734024 1.4644905328751 1.5145925283432 1.6464273929596 1.7926071882248 1.9292002916336 2.1008577346802 2.2295920848846 2.3614499568939 2.478422164917
0.36099275946617 0.36577898263931 0.408911049366 0.42349937558174 0.39223006367683 0.45093929767609 0.4513486623764 0.47269183397293 0.50439006090164 0.52863329648972 0.56843519210815 0.60379129648209 0.56771785020828 0.65510302782059 0.64417988061905 0.6877326965332 0.76292473077774 0.77105784416199 0.8040235042572 0.87659013271332 0.9234511256218 0.96542811393738 1.0507795810699 1.0743099451065 1.1202826499939 1.1572618484497 1.2097829580307 1.2840105295181 1.2998625040054 1.3787446022034 1.3843483924866 1.4217298030853 1.4515540599823 1.444965004921 1.4094974994659 1.4300767183304 1.5045508146286 1.5239993333817 1.6477100849152 1.7719427347183 1.9339406490326 2.064101934433 2.197854757309 2.3605132102966 2.4664726257324
0.30710163712502 0.32646763324738 0.35039079189301 0.37579709291458 0.41561159491539 0.44210362434387 0.41833794116974 0.4783810377121 0.48783123493195 0.50034004449844 0.55889797210693 0.56442475318909 0.63754552602768 0.65079963207245 0.68050783872604 0.70602244138718 0.74217277765274 0.79661202430725 0.83046358823776 0.90694642066956 0.91752982139587 1.0084720849991 1.0228435993195 1.085009932518 1.1165215969086 1.1740860939026 1.2201002836227 1.3074613809586 1.3112585544586 1.3390535116196 1.3777084350586 1.3948668241501 1.4333869218826 1.4515899419785 1.4385459423065 1.4322330951691 1.4487379789352 1.5209245681763 1.6333802938461 1.7941514253616 1.9091573953629 2.059974193573 2.186751127243 2.3264091014862 2.4161610603333
0.31168639659882 0.35631868243217 0.36729067564011 0.37098866701126 0.42857977747917 0.41976463794708 0.46721050143242 0.48595198988914 0.4812134206295 0.54474568367004 0.53912085294724 0.60034996271133 0.59028285741806 0.66754627227783 0.66354608535767 0.69510471820831 0.72193688154221 0.77272433042526 0.83783763647079 0.8588125705719 0.91769534349442 0.96798747777939 0.99050801992416 1.0499626398087 1.1531413793564 1.1699607372284 1.2161685228348 1.2671165466309 1.2794528007507 1.3321888446808 1.3994312286377 1.4439576864243 1.4376350641251 1.4316003322601 1.4204375743866 1.4004049301147 1.4540244340897 1.5238387584686 1.6347861289978 1.7473096847534 1.9182832241058 2.0133030414581 2.2096736431122 2.3283319473267 2.4630806446075
0.30535089969635 0.31490820646286 0.35928037762642 0.38967981934547 0.39078032970428 0.4050555229187 0.46916401386261 0.47152796387672 0.49284359812737 0.50844740867615 0.53205704689026 0.56966477632523 0.59194731712341 0.62349110841751 0.66640621423721 0.71023285388947 0.73940271139145 0.7874903678894 0.79736369848251 0.86746728420258 0.93595826625824 0.95420080423355 0.98978823423386 1.0684716701508 1.1032056808472 1.1555417776108 1.2116400003433 1.2405047416687 1.2902672290802 1.3535182476044 1.3625390529633 1.4042692184448 1.4258729219437 1.4232842922211 1.4234662055969 1.4732027053833 1.4682623147964 1.4998701810837 1.59596824646 1.7796820402145 1.9460837841034 2.0349016189575 2.1958153247833 2.3219211101532 2.4461810588837
0.32996881008148 0.35954144597054 0.33731269836426 0.36979550123215 0.39279967546463 0.45110696554184 0.45454117655754 0.49047738313675 0.5027968287468 0.53017503023148 0.52947580814362 0.5425671339035 0.59180247783661 0.61687529087067 0.68306881189346 0.6720871925354 0.72990649938583 0.76739174127579 0.83632510900497 0.83613109588623 0.90503358840942 0.94782674312592 1.0118086338043 1.0585094690323 1.0851296186447 1.1436409950256 1.1844747066498 1.2196080684662 1.3101763725281 1.3406518697739 1.3716036081314 1.4038920402527 1.4297672510147 1.4382554292679 1.4446365833282 1.4499464035034 1.4793509244919 1.5331233739853 1.6804965734482 1.7868129014969 1.9193520545959 2.0839643478394 2.1912887096405 2.2700316905975 2.3769228458405
0.34999951720238 0.36232167482376 0.394750893116 0.42183217406273 0.41015794873238 0.42482364177704 0.43925356864929 0.45044511556625 0.45410493016243 0.54169064760208 0.56399250030518 0.54208898544312 0.57125008106232 0.61055022478104 0.65019845962524 0.69025510549545 0.74566805362701 0.76757329702377 0.83909320831299 0.86539405584335 0.94485890865326 0.98669773340225 1.0053668022156 1.0240023136139 1.1050473451614 1.142695069313 1.2068203687668 1.2699588537216 1.3157345056534 1.3676868677139 1.3579550981522 1.4185123443604 1.4320135116577 1.4733254909515 1.4532270431519 1.4716901779175 1.5041755437851 1.5963525772095 1.7010610103607 1.7885117530823 1.9263052940369 2.0381796360016 2.2059593200684 2.2814176082611 2.3730535507202
0.32130634784698 0.32836502790451 0.34766203165054 0.39615377783775 0.3977952003479 0.42715889215469 0.4643965959549 0.46146160364151 0.49249210953712 0.51840752363205 0.5715759396553 0.57339131832123 0.61222124099731 0.57601457834244 0.6391139626503 0.7413894534111 0.72805047035217 0.77108603715897 0.80606120824814 0.83423435688019 0.87901896238327 0.93173378705978 0.9941817522049 1.0113453865051 1.0990421772003 1.1561732292175 1.1899108886719 1.2207065820694 1.3018571138382 1.3407073020935 1.4075939655304 1.3866082429886 1.4257981777191 1.4768676757813 1.4649931192398 1.5256139039993 1.603382229805 1.6310247182846 1.7268083095551 1.8201969861984 1.9095865488052 2.0603613853455 2.1952993869781 2.2578337192535 2.3694276809692
0.3478025496006 0.34148970246315 0.35909017920494 0.36077937483788 0.4028631746769 0.4363232254982 0.44504734873772 0.4283399283886 0.52999156713486 0.51995575428009 0.53780341148376 0.56327003240585 0.60722404718399 0.59883707761765 0.66136807203293 0.66912919282913 0.71613341569901 0.79083395004272 0.85746872425079 0.84705597162247 0.89590817689896 0.90312087535858 0.96268582344055 1.0217508077621 1.0849211215973 1.0888304710388 1.167679309845 1.2340279817581 1.3303264379501 1.3492740392685 1.3786318302155 1.395791888237 1.4896820783615 1.4971932172775 1.5437107086182 1.5350729227066 1.5840266942978 1.6745853424072 1.752792596817 1.8638896942139 1.9697533845901 2.0335502624512 2.2115838527679 2.2508454322815 2.3537247180939
0.32381865382195 0.33567762374878 0.34108191728592 0.36153769493103 0.40294444561005 0.42393490672112 0.45223739743233 0.43305018544197 0.50174659490585 0.50747108459473 0.51046979427338 0.58683216571808 0.56871277093887 0.62545478343964 0.6769722700119 0.69844019412994 0.74887800216675 0.76016300916672 0.79169046878815 0.79855281114578 0.87616062164307 0.9228173494339 0.95099496841431 1.0388300418854 1.0783315896988 1.0732645988464 1.1746860742569 1.2058818340302 1.2846488952637 1.3403806686401 1.3708852529526 1.4121063947678 1.456280708313 1.4909716844559 1.5270471572876 1.5551724433899 1.6239125728607 1.7032914161682 1.7983906269073 1.8827461004257 1.9471868276596 2.0659568309784 2.177375793457 2.287300825119 2.3056859970093
0.32881334424019 0.35772711038589 0.38270306587219 0.3861782848835 0.44064551591873 0.37745967507362 0.43885868787766 0.46066883206367 0.4642508327961 0.51124066114426 0.51777970790863 0.59524369239807 0.61820393800735 0.65942203998566 0.64179682731628 0.70306694507599 0.74270087480545 0.71169745922089 0.79033619165421 0.83186531066895 0.92436856031418 0.93336653709412 0.94857102632523 0.99011850357056 1.0906155109406 1.1133337020874 1.1463953256607 1.2518801689148 1.2516601085663 1.2868725061417 1.3383623361588 1.4052611589432 1.5133547782898 1.5000765323639 1.563169836998 1.6226608753204 1.679626584053 1.7219485044479 1.7977621555328 1.9097373485565 1.9796856641769 2.0663135051727 2.1565062999725 2.2075998783112 2.276700258255
0.31232610344887 0.33235275745392 0.35781347751617 0.37541857361794 0.40420588850975 0.41446962952614 0.44442918896675 0.43230924010277 0.51683241128922 0.46317407488823 0.52586299180984 0.53855395317078 0.57509911060333 0.64618670940399 0.62519019842148 0.66288506984711 0.70484071969986 0.73621100187302 0.79155075550079 0.82420432567596 0.87431544065475 0.93861836194992 0.94658803939819 0.98191499710083 1.0640136003494 1.1052806377411 1.1342636346817 1.1895213127136 1.2636889219284 1.3176674842834 1.3765285015106 1.4168295860291 1.4487380981445 1.4912172555923 1.5655757188797 1.6110023260117 1.6691317558289 1.7679204940796 1.803196310997 1.931910276413 1.9791712760925 2.039883852005 2.1329905986786 2.1469960212708 2.2536120414734
0.33002850413322 0.31915146112442 0.34215292334557 0.37623611092567 0.39975070953369 0.43504282832146 0.44123369455338 0.45547312498093 0.47535973787308 0.50115698575974 0.54899317026138 0.55046886205673 0.56883257627487 0.60594952106476 0.65179181098938 0.63713818788528 0.67339241504669 0.73066288232803 0.75719338655472 0.78414475917816 0.8663974404335 0.84845232963562 0.92663550376892 0.98205059766769 1.0026502609253 1.0856716632843 1.1218413114548 1.1819516420364 1.2496497631073 1.3219946622849 1.3423210382462 1.3896188735962 1.4904388189316 1.5366005897522 1.5745708942413 1.6501734256744 1.6842434406281 1.7473222017288 1.853076338768 1.8806020021439 1.9556651115417 2.0139541625977 2.1366710662842 2.1642043590546 2.1718883514404
0.32408067584038 0.31144204735756 0.3611281812191 0.34767228364944 0.37880316376686 0.4168761074543 0.41953429579735 0.46147122979164 0.46672242879868 0.47873717546463 0.50814813375473 0.55179405212402 0.5508553981781 0.61757916212082 0.62694990634918 0.67779952287674 0.72313296794891 0.71743643283844 0.73437207937241 0.82745188474655 0.86438119411469 0.93503606319427 0.92858082056046 0.96074551343918 1.0342756509781 1.0610513687134 1.1667828559875 1.1603877544403 1.1664578914642 1.3007709980011 1.3627890348434 1.3607553243637 1.4213597774506 1.4814335107803 1.5461456775665 1.6249809265137 1.6600958108902 1.7025099992752 1.8138278722763 1.8904218673706 1.9484906196594 2.0590994358063 2.0987706184387 2.1668436527252 2.1709184646606
0.3126372396946 0.32309782505035 0.35873824357986 0.3694406747818 0.41167560219765 0.41723009943962 0.41678056120872 0.42552390694618 0.45300269126892 0.47275793552399 0.50423485040665 0.54820823669434 0.5706615447998 0.5958269238472 0.6499685049057 0.63043510913849 0.66888809204102 0.71262884140015 0.74895530939102 0.82156932353973 0.85238707065582 0.91709691286087 0.90765368938446 0.9945188164711 1.0187375545502 1.0562772750854 1.0982514619827 1.1691426038742 1.2413468360901 1.2914224863052 1.3593603372574 1.4179182052612 1.4557054042816 1.5222328901291 1.5607243776321 1.5710890293121 1.6624490022659 1.7351725101471 1.7920120954514 1.8861012458801 1.948110461235 1.9958729743958 2.0447137355804 2.0711524486542 2.1520488262177
0.35812586545944 0.30993556976318 0.37646019458771 0.35625186562538 0.40903976559639 0.3785856962204 0.47609788179398 0.4363828599453 0.45035839080811 0.47806638479233 0.50498032569885 0.53840190172195 0.56025922298431 0.59706091880798 0.61438965797424 0.64593541622162 0.66600638628006 0.70378768444061 0.75768613815308 0.77022707462311 0.80712932348251 0.86935466527939 0.90684485435486 0.98119336366653 0.97080063819885 1.0529675483704 1.0951505899429 1.1671068668365 1.2161800861359 1.3005363941193 1.2802418470383 1.3640649318695 1.4549181461334 1.4689484834671 1.5520740747452 1.593405008316 1.6110761165619 1.7291851043701 1.7710025310516 1.8066762685776 1.8741211891174 1.9309892654419 1.9782236814499 2.019891500473 2.0805869102478
0.31419357657433 0.35253810882568 0.3946428000927 0.37891528010368 0.39347973465919 0.40864834189415 0.44355908036232 0.45312017202377 0.473697245121 0.50700318813324 0.49538186192513 0.54722237586975 0.55730867385864 0.58930760622025 0.63160133361816 0.65028417110443 0.63142216205597 0.70774549245834 0.73502749204636 0.79344969987869 0.80267637968063 0.86952924728394 0.89820522069931 0.89290076494217 0.98349910974503 1.0272290706635 1.0763527154922 1.129679441452 1.1253558397293 1.2563881874084 1.3330700397491 1.338146686554 1.3842235803604 1.467404961586 1.5001146793365 1.5839129686356 1.6246562004089 1.6744283437729 1.7420152425766 1.8052471876144 1.8651752471924 1.9198896884918 1.9364098310471 1.9926460981369 2.0116047859192
0.29884871840477 0.34395122528076 0.33954313397408 0.39092037081718 0.39173433184624 0.43566337227821 0.44235584139824 0.42288789153099 0.44794562458992 0.5118727684021 0.50790882110596 0.51215541362762 0.55152839422226 0.57750016450882 0.57688391208649 0.62481588125229 0.67992067337036 0.66887074708939 0.75647503137589 0.72988033294678 0.8337464928627 0.89639729261398 0.87983232736588 0.9389580488205 0.98862516880035 0.9940031170845 1.0776023864746 1.0509927272797 1.1758042573929 1.1897062063217 1.2546489238739 1.3169658184052 1.3587398529053 1.3946855068207 1.5070543289185 1.5634829998016 1.6230314970016 1.6430616378784 1.673172712326 1.7670607566833 1.7996170520782 1.818739771843 1.8790594339371 1.9090243577957 1.9719849824905
0.34238189458847 0.32249954342842 0.34522044658661 0.36683639883995 0.40212541818619 0.44397586584091 0.42210581898689 0.45337671041489 0.42836245894432 0.52839815616608 0.50614237785339 0.5228705406189 0.54841494560242 0.56585019826889 0.62260991334915 0.61822319030762 0.67738652229309 0.71625393629074 0.75796312093735 0.77023726701736 0.7724831700325 0.8329980969429 0.87373095750809 0.9124401807785 0.92373651266098 0.96028006076813 1.0369207859039 1.0879502296448 1.1478916406631 1.1616947650909 1.2390449047089 1.2803690433502 1.3334904909134 1.3828877210617 1.4685398340225 1.4915829896927 1.5549319982529 1.5793783664703 1.6276206970215 1.7256772518158 1.7421028614044 1.7991783618927 1.8123230934143 1.8723222017288 1.9128469228745
0.31145626306534 0.33239439129829 0.3410162627697 0.36042630672455 0.38104930520058 0.38240304589272 0.40788754820824 0.444425791502 0.42452862858772 0.45366537570953 0.52059155702591 0.48836427927017 0.54535663127899 0.55484211444855 0.57384783029556 0.6152538061142 0.64831137657166 0.63102495670319 0.69325470924377 0.75899183750153 0.82016712427139 0.82312917709351 0.84919005632401 0.89295548200607 0.92647248506546 0.95657914876938 1.047642827034 1.0698224306107 1.1026612520218 1.197988152504 1.2016623020172 1.2352734804153 1.3121594190598 1.366854429245 1.3985025882721 1.4750295877457 1.518584728241 1.5546824932098 1.5702382326126 1.6378500461578 1.7118263244629 1.7486779689789 1.7965412139893 1.8266352415085 1.8647747039795
