MatLab_Code/mc_g.grd
DSAA
201 201
0 20000
0 20000
-1.72632 2.99095
[rows 0 to 27 of 201, columns 63 to 125 of 201]
0.117927 0.118521 0.11904 0.119483 0.119845 0.120126 0.120321 0.120429 0.120449 0.120377 0.120212 0.119953 0.119599 0.119148 0.118599 0.117952 0.117207 0.116363 0.115421 0.11438 0.113241 0.112006 0.110675 0.10925 0.107732 0.106124 0.104426 0.102643 0.100775 0.0988263 0.0967995 0.0946977 0.0925245 0.0902832 0.0879777 0.0856119 0.0831897 0.0807154 0.0781933 0.0756277 0.0730231 0.0703842 0.0677155 0.0650217 0.0623074 0.0595775 0.0568367 0.0540896 0.051341 0.0485954 0.0458574 0.0431317 0.0404225 0.0377342 0.0350711 0.0324372 0.0298365 0.0272729 0.0247499 0.0222711 0.0198397 0.0174591 0.015132
0.123035 0.123688 0.124261 0.124753 0.12516 0.12548 0.12571 0.125847 0.12589 0.125836 0.125682 0.125429 0.125073 0.124614 0.124051 0.123384 0.122611 0.121733 0.120749 0.11966 0.118468 0.117171 0.115772 0.114273 0.112674 0.110978 0.109188 0.107305 0.105332 0.103272 0.101129 0.0989061 0.0966065 0.0942342 0.0917934 0.0892881 0.0867228 0.0841019 0.0814299 0.0787118 0.0759522 0.0731562 0.0703286 0.0674745 0.064599 0.0617071 0.0588039 0.0558946 0.052984 0.0500772 0.0471792 0.0442947 0.0414286 0.0385854 0.0357697 0.0329858 0.0302382 0.0275307 0.0248674 0.022252 0.019688 0.0171788 0.0147275
0.128419 0.129135 0.129768 0.130314 0.13077 0.131134 0.131402 0.131572 0.13164 0.131606 0.131466 0.131219 0.130863 0.130397 0.129821 0.129132 0.12833 0.127417 0.12639 0.125251 0.124001 0.12264 0.121169 0.119591 0.117906 0.116117 0.114227 0.112238 0.110153 0.107976 0.105708 0.103356 0.100921 0.098409 0.0958235 0.0931692 0.0904507 0.087673 0.0848409 0.0819596 0.0790343 0.0760702 0.0730727 0.0700472 0.0669992 0.0639341 0.0608574 0.0577746 0.054691 0.051612 0.0485429 0.0454889 0.0424552 0.0394466 0.0364681 0.0335244 0.0306201 0.0277594 0.0249467 0.0221858 0.0194807 0.016835 0.0142518
0.134095 0.134881 0.135578 0.136184 0.136695 0.137106 0.137417 0.137622 0.13772 0.137708 0.137584 0.137346 0.136991 0.136519 0.135928 0.135218 0.134387 0.133436 0.132365 0.131173 0.129862 0.128432 0.126886 0.125223 0.123448 0.12156 0.119564 0.117463 0.115258 0.112954 0.110554 0.108063 0.105484 0.102823 0.100082 0.0972687 0.0943865 0.091441 0.0884375 0.0853816 0.0822789 0.0791349 0.0759556 0.0727468 0.0695142 0.0662638 0.0630015 0.0597332 0.0564646 0.0532015 0.0499496 0.0467145 0.0435018 0.0403166 0.0371644 0.0340501 0.0309786 0.0279546 0.0249827 0.022067 0.0192118 0.0164208 0.0136975
0.140082 0.140944 0.141712 0.142383 0.142953 0.143418 0.143775 0.144021 0.144152 0.144166 0.14406 0.143832 0.14348 0.143003 0.142398 0.141666 0.140805 0.139816 0.138697 0.13745 0.136075 0.134573 0.132945 0.131194 0.129321 0.127328 0.12522 0.122997 0.120665 0.118226 0.115685 0.113046 0.110313 0.107491 0.104586 0.101601 0.0985438 0.0954187 0.0922318 0.088989 0.0856963 0.0823599 0.0789859 0.0755807 0.0721506 0.068702 0.065241 0.0617742 0.0583076 0.0548476 0.0514003 0.0479716 0.0445675 0.0411937 0.0378559 0.0345595 0.0313097 0.0281116 0.0249699 0.0218894 0.0188743 0.0159287 0.0130565
0.1464 0.147345 0.148191 0.148933 0.149569 0.150093 0.150501 0.150791 0.150959 0.151002 0.150918 0.150702 0.150355 0.149873 0.149256 0.148501 0.14761 0.14658 0.145412 0.144106 0.142663 0.141084 0.139371 0.137525 0.135549 0.133445 0.131216 0.128865 0.126396 0.123814 0.121121 0.118324 0.115426 0.112433 0.10935 0.106183 0.102938 0.0996202 0.0962368 0.0927938 0.0892976 0.085755 0.0821726 0.0785571 0.0749154 0.0712544 0.0675808 0.0639014 0.060223 0.0565523 0.0528958 0.0492601 0.0456514 0.042076 0.03854 0.035049 0.0316089 0.0282249 0.0249023 0.021646 0.0184606 0.0153505 0.0123199
0.153071 0.154106 0.155036 0.155857 0.156564 0.157153 0.157619 0.157958 0.158168 0.158244 0.158183 0.157984 0.157642 0.157157 0.156527 0.155751 0.154827 0.153755 0.152536 0.151168 0.149654 0.147994 0.14619 0.144243 0.142157 0.139934 0.137576 0.135089 0.132474 0.129738 0.126883 0.123916 0.120842 0.117665 0.114393 0.11103 0.107584 0.10406 0.100466 0.0968089 0.0930947 0.089331 0.0855252 0.0816844 0.077816 0.0739274 0.070026 0.066119 0.0622137 0.0583174 0.0544371 0.0505798 0.0467523 0.0429613 0.0392133 0.0355145 0.0318711 0.0282887 0.024773 0.0213293 0.0179625 0.0146773 0.0114781
0.160115 0.16125 0.162273 0.16318 0.163966 0.164626 0.165155 0.165549 0.165805 0.165918 0.165886 0.165704 0.165371 0.164885 0.164243 0.163444 0.162487 0.161372 0.160098 0.158666 0.157076 0.15533 0.15343 0.151376 0.149173 0.146822 0.144328 0.141694 0.138924 0.136022 0.132995 0.129846 0.126583 0.12321 0.119734 0.116162 0.1125 0.108756 0.104936 0.101048 0.0971001 0.0930995 0.089054 0.0849716 0.0808602 0.0767277 0.0725821 0.0684312 0.0642829 0.0601449 0.0560249 0.0519304 0.0478687 0.0438471 0.0398724 0.0359515 0.0320907 0.0282965 0.0245747 0.020931 0.0173708 0.013899 0.0105205
0.167559 0.168802 0.169926 0.170928 0.1718 0.172539 0.173138 0.173593 0.1739 0.174056 0.174055 0.173895 0.173573 0.173086 0.172433 0.171612 0.170622 0.169461 0.168131 0.16663 0.164961 0.163124 0.16112 0.158953 0.156625 0.154139 0.151498 0.148707 0.145771 0.142693 0.139481 0.136138 0.132672 0.129088 0.125394 0.121597 0.117704 0.113723 0.109661 0.105526 0.101327 0.0970726 0.0927702 0.0884286 0.0840565 0.0796625 0.075255 0.0708426 0.0664338 0.0620368 0.05766 0.0533114 0.048999 0.0447304 0.0405132 0.0363546 0.0322616 0.028241 0.0242991 0.020442 0.0166755 0.0130049 0.00943529
0.175428 0.176789 0.178025 0.179129 0.180097 0.180922 0.181598 0.182121 0.182486 0.182688 0.182724 0.182589 0.18228 0.181796 0.181133 0.180289 0.179264 0.178057 0.176667 0.175095 0.173341 0.171407 0.169295 0.167007 0.164546 0.161915 0.159118 0.15616 0.153045 0.149779 0.146367 0.142817 0.139133 0.135324 0.131396 0.127358 0.123217 0.118981 0.114659 0.110259 0.105791 0.101264 0.0966853 0.0920657 0.0874139 0.0827391 0.0780507 0.0733579 0.0686696 0.063995 0.0593429 0.0547221 0.050141 0.045608 0.0411312 0.0367183 0.0323769 0.0281143 0.0239372 0.0198522 0.0158656 0.011983 0.00820983
0.183749 0.185239 0.186597 0.187815 0.188887 0.189807 0.190569 0.191167 0.191596 0.191851 0.191928 0.191822 0.19153 0.19105 0.190378 0.189512 0.188452 0.187196 0.185744 0.184096 0.182254 0.180217 0.177989 0.175572 0.172969 0.170183 0.167219 0.164082 0.160776 0.157308 0.153684 0.14991 0.145993 0.141942 0.137763 0.133466 0.129058 0.12455 0.119948 0.115265 0.110507 0.105687 0.100812 0.0958938 0.0909417 0.0859657 0.0809758 0.0759819 0.0709939 0.0660215 0.0610742 0.0561614 0.0512924 0.0464761 0.0417212 0.0370361 0.032429 0.0279074 0.023479 0.0191506 0.014929 0.0108202 0.00683012
0.192553 0.194184 0.195675 0.197018 0.198205 0.19923 0.200086 0.200767 0.201268 0.201582 0.201705 0.201633 0.201361 0.200887 0.200208 0.199321 0.198225 0.196918 0.195401 0.193674 0.191737 0.189592 0.18724 0.184686 0.181931 0.17898 0.175838 0.172509 0.168999 0.165314 0.161462 0.157448 0.153282 0.14897 0.144522 0.139947 0.135253 0.130451 0.12555 0.12056 0.115492 0.110357 0.105164 0.0999249 0.0946502 0.0893506 0.0840369 0.0787199 0.0734101 0.068118 0.062854 0.0576282 0.0524505 0.0473305 0.0422777 0.037301 0.0324093 0.0276108 0.0229135 0.018325 0.0138524 0.00950227 0.00528084
0.201871 0.203657 0.205294 0.206773 0.208086 0.209227 0.210187 0.21096 0.21154 0.21192 0.212096 0.212063 0.211815 0.211351 0.210666 0.209758 0.208625 0.207266 0.205681 0.20387 0.201833 0.199572 0.19709 0.194389 0.191473 0.188345 0.185012 0.181478 0.177749 0.173832 0.169734 0.165464 0.161029 0.156438 0.1517 0.146826 0.141825 0.136707 0.131484 0.126166 0.120764 0.11529 0.109755 0.104171 0.09855 0.0929028 0.0872413 0.0815772 0.0759218 0.0702866 0.0646826 0.0591209 0.053612 0.0481664 0.0427942 0.0375051 0.0323086 0.0272136 0.0222287 0.0173621 0.0126213 0.00801345 0.00354525
0.211738 0.213693 0.215489 0.217118 0.21857 0.219838 0.220913 0.221788 0.222456 0.222911 0.223146 0.223157 0.222938 0.222486 0.221797 0.220868 0.219698 0.218285 0.216629 0.214729 0.212587 0.210204 0.207582 0.204725 0.201636 0.19832 0.194782 0.191028 0.187064 0.182898 0.178538 0.173991 0.169267 0.164376 0.159328 0.154132 0.148801 0.143344 0.137774 0.132102 0.126342 0.120504 0.114601 0.108647 0.102653 0.0966318 0.0905965 0.0845594 0.0785328 0.0725289 0.0665599 0.0606375 0.0547732 0.0489783 0.0432636 0.0376396 0.0321166 0.026704 0.0214113 0.0162471 0.0112196 0.00633657 0.00160501
0.222189 0.224329 0.226301 0.228094 0.229698 0.231106 0.232308 0.233295 0.234062 0.234599 0.234901 0.234962 0.234777 0.234341 0.233651 0.232703 0.231495 0.230026 0.228295 0.226302 0.224049 0.221535 0.218765 0.215741 0.212468 0.20895 0.205193 0.201203 0.196987 0.192554 0.187911 0.183068 0.178034 0.172821 0.167438 0.161896 0.156209 0.150388 0.144445 0.138393 0.132246 0.126017 0.119719 0.113365 0.10697 0.100548 0.0941104 0.0876723 0.0812467 0.0748468 0.0684856 0.0621759 0.05593 0.0497601 0.043678 0.0376949 0.0318218 0.0260691 0.0204467 0.0149641 0.00963004 0.00445283 -0.000559911
0.233264 0.235607 0.23777 0.239743 0.241516 0.243077 0.244419 0.245531 0.246406 0.247036 0.247413 0.247532 0.247386 0.24697 0.246281 0.245315 0.244069 0.242542 0.240733 0.238642 0.23627 0.233618 0.23069 0.227488 0.224018 0.220283 0.216291 0.212049 0.207563 0.202842 0.197896 0.192735 0.187368 0.181807 0.176064 0.170151 0.164081 0.157867 0.151523 0.145062 0.138499 0.131849 0.125125 0.118342 0.111516 0.104661 0.0977913 0.090922 0.0840674 0.0772417 0.0704591 0.0637332 0.0570775 0.0505051 0.0440285 0.0376601 0.0314117 0.0252943 0.0193188 0.0134953 0.0078333 0.00234165 -0.00297142
0.245005 0.24757 0.249943 0.252113 0.25407 0.255801 0.257297 0.258547 0.259543 0.260276 0.260737 0.260921 0.26082 0.26043 0.259745 0.258762 0.257478 0.255891 0.254 0.251805 0.249308 0.246509 0.243412 0.240021 0.236339 0.232374 0.22813 0.223616 0.21884 0.213811 0.208539 0.203035 0.19731 0.191375 0.185245 0.178932 0.17245 0.165813 0.159037 0.152135 0.145125 0.13802 0.130838 0.123594 0.116303 0.108983 0.101648 0.0943147 0.0869987 0.0797152 0.0724795 0.0653064 0.0582104 0.0512055 0.0443055 0.0375236 0.0308724 0.0243641 0.0180102 0.0118215 0.00580849 -1.9445E-005 -0.00565343
0.257457 0.260263 0.262867 0.265254 0.267413 0.26933 0.270996 0.272399 0.273529 0.274376 0.274932 0.275189 0.275141 0.27478 0.274103 0.273105 0.271783 0.270134 0.268158 0.265854 0.263224 0.260269 0.256992 0.253398 0.249491 0.245277 0.240764 0.235959 0.230872 0.225511 0.219889 0.214016 0.207904 0.201568 0.195021 0.188277 0.181351 0.174259 0.167017 0.159641 0.152148 0.144555 0.136879 0.129137 0.121347 0.113525 0.10569 0.0978571 0.0900445 0.0822686 0.0745456 0.0668916 0.0593223 0.0518529 0.0444981 0.0372722 0.0301888 0.0232611 0.0165014 0.00992162 0.00353272 -0.002655 -0.00863203
0.270665 0.273738 0.276593 0.279218 0.281599 0.283722 0.285576 0.287147 0.288425 0.2894 0.290061 0.290402 0.290413 0.290089 0.289423 0.288412 0.287051 0.285339 0.283273 0.280855 0.278084 0.274963 0.271495 0.267684 0.263535 0.259056 0.254253 0.249136 0.243713 0.237996 0.231997 0.225727 0.2192 0.212431 0.205435 0.198226 0.190822 0.18324 0.175496 0.167608 0.159596 0.151476 0.143268 0.13499 0.126662 0.118301 0.109926 0.101556 0.0932088 0.0849029 0.0766558 0.0684846 0.0604065 0.0524377 0.0445942 0.0368914 0.0293441 0.0219663 0.0147716 0.00777249 0.000981004 -0.00559179 -0.0119357
0.284683 0.288045 0.291177 0.294064 0.296688 0.299038 0.301097 0.302855 0.304297 0.305414 0.306193 0.306627 0.306707 0.306425 0.305776 0.304754 0.303355 0.301577 0.299418 0.296878 0.293959 0.290661 0.286988 0.282945 0.278539 0.273774 0.268661 0.263208 0.257426 0.251326 0.24492 0.238223 0.231249 0.224014 0.216533 0.208824 0.200905 0.192793 0.184509 0.17607 0.167497 0.15881 0.150029 0.141173 0.132264 0.123322 0.114366 0.105418 0.0964954 0.0876191 0.0788079 0.0700804 0.061455 0.0529493 0.0445807 0.0363656 0.02832 0.0204592 0.0127976 0.00534895 -0.00187389 -0.00885898 -0.0155953
0.299563 0.303243 0.306678 0.309851 0.312744 0.315342 0.317629 0.319592 0.321216 0.32249 0.323401 0.323941 0.324098 0.323866 0.323238 0.322208 0.320772 0.318926 0.31667 0.314002 0.310924 0.307438 0.303547 0.299257 0.294574 0.289504 0.284058 0.278244 0.272074 0.265562 0.25872 0.251563 0.244107 0.236369 0.228366 0.220118 0.211643 0.202961 0.194093 0.18506 0.175883 0.166584 0.157184 0.147706 0.138172 0.128603 0.119022 0.10945 0.0999082 0.0904178 0.0809994 0.0716733 0.0624591 0.0533761 0.0444429 0.0356772 0.0270964 0.0187169 0.0105544 0.00262356 -0.00506163 -0.0124883 -0.0196445
0.315363 0.319391 0.323159 0.326645 0.329833 0.332704 0.335242 0.337431 0.339256 0.340705 0.341763 0.34242 0.342667 0.342493 0.341891 0.340856 0.339383 0.337468 0.33511 0.332308 0.329062 0.325376 0.321253 0.316698 0.311718 0.306321 0.300516 0.294315 0.287729 0.280773 0.27346 0.265808 0.257832 0.249552 0.240987 0.232157 0.223082 0.213785 0.204288 0.194614 0.184785 0.174826 0.16476 0.154611 0.144403 0.134159 0.123904 0.11366 0.103451 0.0932992 0.0832272 0.0732567 0.0634092 0.0537051 0.0441647 0.0348073 0.0256514 0.0167149 0.00801456 -0.000433542 -0.00861444 -0.0165142 -0.0241199
0.332143 0.336554 0.340685 0.344516 0.348027 0.351198 0.354012 0.356451 0.358499 0.360141 0.361363 0.362152 0.362499 0.362392 0.361824 0.360788 0.359279 0.357293 0.354828 0.351884 0.348461 0.344561 0.340189 0.335351 0.330053 0.324305 0.318116 0.311498 0.304465 0.29703 0.289211 0.281025 0.27249 0.263625 0.254453 0.244995 0.235274 0.225314 0.215138 0.204771 0.19424 0.183569 0.172784 0.161911 0.150976 0.140005 0.129023 0.118055 0.107127 0.0962632 0.0854874 0.0748234 0.0642942 0.0539221 0.0437287 0.0337351 0.0239611 0.0144262 0.00514845 -0.00385477 -0.0125673 -0.020974 -0.0290611
0.34997 0.354798 0.359328 0.363537 0.367403 0.370905 0.374022 0.376737 0.37903 0.380886 0.38229 0.383227 0.383686 0.383656 0.383129 0.382096 0.380553 0.378494 0.375918 0.372824 0.369212 0.365086 0.360449 0.355308 0.34967 0.343544 0.336942 0.329876 0.322361 0.314412 0.306048 0.297286 0.288147 0.278652 0.268826 0.25869 0.248271 0.237594 0.226686 0.215573 0.204283 0.192844 0.181283 0.16963 0.157911 0.146156 0.13439 0.122643 0.11094 0.0993093 0.0877757 0.0763651 0.0651022 0.0540113 0.0431156 0.0324378 0.0219996 0.0118216 0.00192382 -0.00767524 -0.016958 -0.0259082 -0.0345108
0.368911 0.374196 0.379162 0.383786 0.388042 0.391907 0.395359 0.398377 0.400941 0.403034 0.404639 0.405741 0.406327 0.406386 0.405907 0.404882 0.403306 0.401173 0.398481 0.395229 0.391417 0.387049 0.382129 0.376664 0.370661 0.364131 0.357085 0.349538 0.341504 0.333001 0.324048 0.314666 0.304876 0.294702 0.284169 0.273303 0.26213 0.25068 0.238981 0.227063 0.214954 0.202686 0.190289 0.177793 0.16523 0.152628 0.140019 0.127431 0.114894 0.102437 0.0900869 0.0778725 0.06582 0.0539555 0.0423044 0.0308909 0.0197385 0.0088697 -0.00169417 -0.0119329 -0.0218275 -0.0313603 -0.0405151
0.389038 0.394823 0.400269 0.405346 0.41003 0.414294 0.418113 0.421465 0.424328 0.426683 0.428512 0.429798 0.430526 0.430685 0.430263 0.429252 0.427645 0.425436 0.422623 0.419204 0.415181 0.410556 0.405334 0.399522 0.393128 0.386163 0.378641 0.370575 0.361984 0.352884 0.343298 0.333246 0.322754 0.311847 0.300552 0.288897 0.276912 0.264627 0.252074 0.239286 0.226294 0.213132 0.199832 0.186428 0.172953 0.159439 0.14592 0.132427 0.118991 0.105643 0.092415 0.0793352 0.0664329 0.0537362 0.0412723 0.0290676 0.0171475 0.00553625 -0.00574309 -0.0166686 -0.0272197 -0.0373773 -0.0471238
0.410427 0.41676 0.42273 0.428306 0.433458 0.438159 0.442382 0.446102 0.449295 0.451939 0.454015 0.455505 0.456393 0.456666 0.456311 0.45532 0.453684 0.451398 0.448459 0.444865 0.440617 0.435718 0.430173 0.423989 0.417176 0.409746 0.401711 0.393089 0.383897 0.374155 0.363885 0.353113 0.341863 0.330165 0.318047 0.30554 0.292678 0.279492 0.266018 0.252291 0.238346 0.224218 0.209945 0.195561 0.181104 0.166607 0.152107 0.137638 0.123233 0.108928 0.0947532 0.0807419 0.066925 0.0533328 0.0399947 0.0269393 0.0141938 0.00178464 -0.0102633 -0.0219262 -0.0331818 -0.0440094 -0.0543899
0.433158 0.44009 0.446634 0.452755 0.458422 0.463603 0.468269 0.472393 0.475948 0.478911 0.481261 0.482977 0.484044 0.484445 0.484169 0.483204 0.481542 0.479178 0.476107 0.472328 0.467842 0.462651 0.456762 0.450181 0.44292 0.434989 0.426404 0.417183 0.407345 0.396911 0.385905 0.374356 0.362289 0.349737 0.336732 0.323306 0.309496 0.295338 0.28087 0.266129 0.251155 0.235986 0.220662 0.205222 0.189705 0.174149 0.158592 0.143071 0.127624 0.112287 0.0970936 0.0820799 0.0672789 0.0527234 0.0384452 0.0244749 0.0108423 -0.00242437 -0.0152979 -0.0277525 -0.0397642 -0.0513104 -0.0623703
