MatLab_Code/mc_gn2e_pu.grd
DSAA
241 241
-2000 22000
-2000 22000
-1.5454 2.93447
[rows 112 to 139 of 241, columns 62 to 123 of 241]
0.735879 0.77056 0.806661 0.844223 0.883282 0.923877 0.96604 1.0098 1.05518 1.10218 1.15081 1.20104 1.25284 1.30614 1.36085 1.41686 1.47403 1.53216 1.59105 1.65046 1.7101 1.76965 1.82879 1.88714 1.94432 1.99992 2.05353 2.10473 2.1531 2.19822 2.2397 2.27715 2.31021 2.33854 2.36186 2.37988 2.39239 2.39919 2.40013 2.3951 2.38403 2.36687 2.34364 2.31438 2.27915 2.23806 2.19124 2.13884 2.08106 2.0181 1.95018 1.87755 1.80047 1.71921 1.63406 1.54533 1.45331 1.35833 1.26072 1.16079 1.05889 0.955359
0.730449 0.764821 0.800586 0.837778 0.876428 0.916566 0.958216 1.0014 1.04613 1.0924 1.14021 1.18952 1.2403 1.29246 1.34592 1.40056 1.45623 1.51275 1.56991 1.62747 1.68516 1.74267 1.79968 1.85583 1.91076 1.96408 2.0154 2.06431 2.11042 2.15333 2.19266 2.22806 2.25918 2.28571 2.30737 2.3239 2.3351 2.34077 2.34078 2.33502 2.32343 2.30597 2.28265 2.25351 2.2186 2.17804 2.13194 2.08046 2.02376 1.96205 1.89553 1.82443 1.74901 1.66952 1.58624 1.49944 1.40942 1.31648 1.22093 1.12309 1.02327 0.921788
0.724742 0.758781 0.794184 0.830977 0.869186 0.908833 0.949933 0.992499 1.03653 1.08203 1.12896 1.1773 1.22699 1.27796 1.3301 1.3833 1.43741 1.49224 1.54759 1.60323 1.65889 1.71427 1.76907 1.82295 1.87555 1.92651 1.97545 2.022 2.06578 2.10641 2.14354 2.17683 2.20597 2.23064 2.2506 2.2656 2.27545 2.27997 2.27904 2.27255 2.26044 2.24269 2.21929 2.19029 2.15575 2.11575 2.07042 2.0199 1.96434 1.90394 1.83888 1.7694 1.69572 1.61808 1.53674 1.45196 1.36403 1.27323 1.17985 1.08419 0.986543 0.887227
0.71878 0.752462 0.787475 0.82384 0.861574 0.900692 0.941203 0.983108 1.0264 1.07107 1.11708 1.16439 1.21294 1.26264 1.3134 1.3651 1.41757 1.47064 1.52411 1.57775 1.63131 1.68449 1.73701 1.78854 1.83874 1.88728 1.93378 1.9779 2.01929 2.05759 2.09247 2.12361 2.15071 2.1735 2.19173 2.20518 2.21367 2.21703 2.21514 2.20792 2.19531 2.17727 2.15382 2.12499 2.09083 2.05143 2.00691 1.9574 1.90303 1.844 1.78048 1.71267 1.64079 1.56508 1.48576 1.4031 1.31735 1.22877 1.13765 1.04426 0.948886 0.851828
0.712597 0.745895 0.78049 0.816395 0.85362 0.892172 0.932051 0.973252 1.01576 1.05955 1.10458 1.1508 1.19815 1.24653 1.29585 1.34597 1.39674 1.44799 1.49951 1.55109 1.60247 1.6534 1.70357 1.75269 1.80044 1.84649 1.8905 1.93215 1.9711 2.00703 2.03962 2.06857 2.09362 2.1145 2.13098 2.14286 2.14997 2.15217 2.14934 2.14139 2.12828 2.10997 2.08649 2.05785 2.02411 1.98535 1.94168 1.89322 1.8401 1.78248 1.72055 1.65448 1.58448 1.51076 1.43354 1.35306 1.26956 1.18329 1.0945 1.00347 0.910463 0.815753
0.706233 0.739123 0.773271 0.808684 0.845366 0.883314 0.922521 0.962972 1.00464 1.0475 1.0915 1.13658 1.18267 1.22968 1.27749 1.32597 1.37498 1.42434 1.47386 1.52332 1.57247 1.62108 1.66885 1.71551 1.76076 1.80428 1.84576 1.8849 1.92138 1.95491 1.98518 2.01193 2.0349 2.05385 2.06858 2.07889 2.08463 2.08567 2.08189 2.07323 2.05964 2.04109 2.01759 1.98917 1.95588 1.91779 1.87501 1.82763 1.7758 1.71966 1.65936 1.59508 1.52701 1.45534 1.38028 1.30205 1.22087 1.13698 1.05061 0.962016 0.871449 0.779168
0.699735 0.732193 0.765868 0.800759 0.836864 0.874172 0.912667 0.952325 0.993116 1.035 1.07791 1.1218 1.16658 1.21215 1.2584 1.30519 1.35239 1.39981 1.44726 1.49455 1.54143 1.58767 1.633 1.67716 1.71986 1.76082 1.79975 1.83635 1.87034 1.90144 1.92938 1.95392 1.97481 1.99183 2.00481 2.01355 2.01793 2.01781 2.0131 2.00374 1.98969 1.97091 1.94742 1.91925 1.88644 1.84905 1.80719 1.76094 1.71043 1.6558 1.59718 1.53474 1.46864 1.39908 1.32624 1.25031 1.17151 1.09006 1.00617 0.92008 0.832024 0.742247
0.69316 0.725164 0.758341 0.792684 0.82818 0.864813 0.902559 0.941386 0.981253 1.02211 1.0639 1.10654 1.14996 1.19404 1.23868 1.28374 1.32907 1.3745 1.41985 1.46491 1.50948 1.55331 1.59617 1.6378 1.67794 1.71632 1.75266 1.78671 1.8182 1.84688 1.87249 1.89481 1.91362 1.92872 1.93995 1.94714 1.95016 1.94891 1.94329 1.93325 1.91875 1.89977 1.87631 1.84841 1.8161 1.77945 1.73853 1.69344 1.64429 1.59119 1.53429 1.47372 1.40965 1.34223 1.27164 1.19807 1.1217 1.04274 0.961385 0.877857 0.792374 0.705164
0.686568 0.718101 0.750759 0.784528 0.819389 0.855317 0.892281 0.930239 0.969144 1.00894 1.04956 1.09091 1.13292 1.17548 1.21846 1.26174 1.30516 1.34856 1.39176 1.43458 1.4768 1.5182 1.55856 1.59764 1.6352 1.67098 1.70474 1.73624 1.76523 1.79148 1.81476 1.83488 1.85162 1.86482 1.87432 1.87997 1.88166 1.87929 1.87278 1.86208 1.84716 1.828 1.8046 1.77699 1.7452 1.7093 1.66935 1.62545 1.57767 1.52615 1.47098 1.41232 1.35029 1.28505 1.21675 1.14557 1.07167 0.995235 0.916462 0.835544 0.752685 0.668098
0.680026 0.711074 0.743195 0.776371 0.810574 0.845772 0.881924 0.918983 0.956893 0.99559 1.035 1.07503 1.1156 1.15659 1.19788 1.23934 1.28082 1.32216 1.36319 1.40373 1.44359 1.48254 1.52039 1.55691 1.59188 1.62507 1.65625 1.6852 1.7117 1.73554 1.75652 1.77444 1.78914 1.80046 1.80825 1.81239 1.81277 1.8093 1.80193 1.7906 1.77527 1.75595 1.73263 1.70533 1.67408 1.63895 1.59999 1.55728 1.5109 1.46096 1.40756 1.35081 1.29085 1.2278 1.16182 1.09305 1.02164 0.947773 0.871611 0.793339 0.713145 0.631224
0.673604 0.704156 0.73573 0.768297 0.801825 0.836271 0.87159 0.907725 0.944614 0.982185 1.02036 1.05904 1.09813 1.13752 1.17709 1.21671 1.25622 1.29548 1.33433 1.37258 1.41005 1.44655 1.48189 1.51585 1.54824 1.57885 1.60746 1.63388 1.65791 1.67936 1.69806 1.71382 1.72651 1.73597 1.74208 1.74473 1.74383 1.7393 1.73109 1.71914 1.70344 1.68398 1.66075 1.63377 1.60309 1.56874 1.53078 1.48927 1.4443 1.39595 1.34431 1.28949 1.2316 1.17076 1.1071 1.04075 0.971858 0.900569 0.827042 0.751441 0.67394 0.594718
0.667372 0.697426 0.728445 0.760395 0.793235 0.826917 0.861386 0.89658 0.932427 0.968851 1.00576 1.04307 1.08067 1.11844 1.15627 1.19403 1.23156 1.26873 1.30538 1.34133 1.37643 1.41048 1.44331 1.47473 1.50455 1.53259 1.55866 1.58258 1.60417 1.62327 1.63972 1.65336 1.66406 1.6717 1.67617 1.67737 1.67522 1.66965 1.66062 1.64809 1.63203 1.61244 1.58932 1.56269 1.53257 1.499 1.46204 1.42175 1.37818 1.33141 1.28154 1.22864 1.17282 1.11419 1.05285 0.988926 0.922546 0.853843 0.782959 0.710043 0.635252 0.558752
0.661401 0.690959 0.721423 0.752753 0.784901 0.817812 0.851423 0.885664 0.920458 0.955722 0.991364 1.02728 1.06337 1.09952 1.1356 1.17148 1.20704 1.24211 1.27656 1.31023 1.34295 1.37457 1.40491 1.43381 1.46109 1.4866 1.51016 1.53161 1.5508 1.56759 1.58182 1.59338 1.60215 1.60801 1.61087 1.61065 1.60729 1.60072 1.5909 1.5778 1.5614 1.5417 1.5187 1.49241 1.46287 1.43009 1.39413 1.35503 1.31285 1.26767 1.21954 1.16855 1.11479 1.05835 0.999316 0.937807 0.873932 0.807809 0.739565 0.669334 0.59726 0.523492
0.655762 0.68483 0.714746 0.74546 0.776918 0.809058 0.841809 0.875095 0.908834 0.942934 0.977299 1.01183 1.04641 1.08092 1.11525 1.14927 1.18285 1.21584 1.2481 1.27949 1.30987 1.33907 1.36696 1.39337 1.41815 1.44116 1.46225 1.48128 1.49812 1.51264 1.52472 1.53424 1.54111 1.54524 1.54654 1.54494 1.5404 1.53286 1.52228 1.50864 1.49192 1.47212 1.44925 1.42331 1.39432 1.36233 1.32735 1.28944 1.24864 1.205 1.1586 1.1095 1.05777 1.00349 0.946744 0.887626 0.826234 0.762673 0.697054 0.629498 0.560134 0.489097
0.650519 0.679112 0.708491 0.738601 0.769378 0.800754 0.832652 0.86499 0.897677 0.930619 0.963713 0.996854 1.02993 1.06282 1.09542 1.12758 1.15919 1.19012 1.22022 1.24937 1.27742 1.30425 1.32971 1.35368 1.376 1.39657 1.41524 1.43191 1.44645 1.45875 1.46872 1.47627 1.4813 1.48374 1.48352 1.4806 1.47491 1.46643 1.45511 1.44095 1.42393 1.40405 1.3813 1.35571 1.32728 1.29605 1.26203 1.22528 1.18583 1.14372 1.09901 1.05176 1.00202 0.949867 0.89537 0.838607 0.779665 0.718634 0.655614 0.590709 0.524037 0.455718
0.645732 0.673871 0.702732 0.732253 0.762367 0.792995 0.824055 0.855457 0.887107 0.918903 0.950742 0.982512 1.0141 1.04539 1.07627 1.1066 1.13627 1.16516 1.19313 1.22007 1.24585 1.27035 1.29344 1.315 1.33493 1.35311 1.36943 1.38379 1.39609 1.40624 1.41417 1.41979 1.42304 1.42385 1.42216 1.41795 1.41116 1.40177 1.38975 1.37509 1.35778 1.33781 1.31519 1.28993 1.26205 1.23156 1.19849 1.16286 1.12472 1.0841 1.04104 0.995583 0.947791 0.897715 0.845417 0.790962 0.734424 0.675881 0.615419 0.553132 0.489121 0.423496
0.641455 0.669164 0.697531 0.72649 0.755962 0.785865 0.816109 0.846598 0.877233 0.907907 0.938512 0.968935 0.999063 1.02878 1.05796 1.0865 1.11427 1.14116 1.16705 1.19183 1.21538 1.2376 1.25837 1.27761 1.2952 1.31105 1.32508 1.3372 1.34734 1.35541 1.36136 1.36512 1.36665 1.36588 1.36279 1.35733 1.34948 1.33921 1.32651 1.31137 1.29378 1.27373 1.25124 1.2263 1.19894 1.16917 1.137 1.10246 1.06558 1.02639 0.984926 0.941218 0.895313 0.847255 0.797096 0.744891 0.6907 0.63459 0.576636 0.516918 0.455527 0.392559
0.637732 0.665041 0.692946 0.721371 0.750232 0.779439 0.808897 0.838503 0.868153 0.897735 0.927139 0.956249 0.984951 1.01313 1.04067 1.06745 1.09337 1.11831 1.14217 1.16484 1.18622 1.20622 1.22475 1.24172 1.25705 1.27065 1.28247 1.29243 1.30047 1.30654 1.31058 1.31256 1.31242 1.31014 1.30569 1.29904 1.29017 1.27906 1.26571 1.2501 1.23224 1.21211 1.18973 1.1651 1.13824 1.10914 1.07784 1.04434 1.00868 0.970859 0.930921 0.888892 0.844805 0.798695 0.750604 0.700577 0.648665 0.594923 0.539414 0.482208 0.423382 0.363024
0.634597 0.661543 0.68902 0.716947 0.745233 0.77378 0.802488 0.831248 0.85995 0.88848 0.916723 0.944562 0.971882 0.998567 1.02451 1.04959 1.07371 1.09676 1.11865 1.13928 1.15856 1.17642 1.19278 1.20756 1.2207 1.23215 1.24183 1.24971 1.25574 1.25988 1.2621 1.26236 1.26064 1.25691 1.25116 1.24337 1.23352 1.22161 1.20762 1.19157 1.17344 1.15323 1.13095 1.10661 1.0802 1.05175 1.02126 0.98875 0.95423 0.91772 0.879241 0.838814 0.796465 0.752222 0.706119 0.65819 0.608477 0.557026 0.503889 0.449125 0.392802 0.334995
0.632074 0.658696 0.685786 0.713256 0.741007 0.768936 0.796936 0.824894 0.852693 0.880216 0.907346 0.933964 0.959954 0.985202 1.0096 1.03304 1.05542 1.07665 1.09664 1.11531 1.13257 1.14837 1.16264 1.17532 1.18637 1.19573 1.20338 1.20927 1.21338 1.21568 1.21615 1.21478 1.21154 1.20643 1.19944 1.19055 1.17977 1.16709 1.15251 1.13602 1.11762 1.09733 1.07513 1.05105 1.02507 0.997219 0.967492 0.935902 0.902461 0.867182 0.83008 0.79117 0.750472 0.708008 0.663801 0.617879 0.570276 0.521029 0.47018 0.417779 0.363884 0.30856
0.630177 0.656517 0.683263 0.710319 0.737581 0.76494 0.792279 0.819483 0.84643 0.873 0.89907 0.924524 0.949243 0.973117 0.996038 1.01791 1.03862 1.05811 1.07628 1.09306 1.10839 1.12222 1.13449 1.14517 1.15421 1.1616 1.1673 1.17129 1.17357 1.17413 1.17294 1.17001 1.16534 1.15892 1.15075 1.14083 1.12916 1.11574 1.10058 1.08367 1.06502 1.04463 1.0225 0.998646 0.97306 0.945752 0.916726 0.885991 0.853554 0.819424 0.783611 0.746126 0.706984 0.666198 0.623788 0.579775 0.534184 0.487044 0.43839 0.388264 0.336712 0.283792
0.628904 0.655007 0.681456 0.708147 0.734969 0.761806 0.788538 0.815041 0.841192 0.866865 0.891938 0.916289 0.939804 0.962372 0.983889 1.00426 1.02339 1.04121 1.05765 1.07264 1.08613 1.09808 1.10846 1.11723 1.12437 1.12988 1.13374 1.13594 1.13649 1.13539 1.13264 1.12825 1.12222 1.11456 1.10528 1.09438 1.08187 1.06775 1.05204 1.03472 1.01582 0.995324 0.973244 0.949581 0.92434 0.897524 0.869137 0.839184 0.80767 0.7746 0.739982 0.703823 0.666132 0.62692 0.5862 0.543988 0.500302 0.455164 0.408604 0.360654 0.311353 0.260749
0.628244 0.654157 0.680357 0.706731 0.733164 0.759534 0.785713 0.811574 0.836988 0.861828 0.885967 0.909285 0.931666 0.953003 0.973194 0.992148 1.00978 1.02603 1.04083 1.05412 1.06587 1.07605 1.08463 1.0916 1.09695 1.10069 1.10281 1.10333 1.10225 1.0996 1.09538 1.08962 1.08232 1.0735 1.06317 1.05135 1.03805 1.02327 1.00703 0.989328 0.970169 0.94956 0.927503 0.904002 0.87906 0.852679 0.824864 0.795615 0.764938 0.732836 0.699313 0.664374 0.628025 0.590275 0.551131 0.510604 0.468709 0.425463 0.380886 0.335006 0.287856 0.239474
0.628173 0.653943 0.679942 0.706051 0.732148 0.758105 0.783789 0.809068 0.833808 0.857879 0.881154 0.90351 0.924834 0.945019 0.963967 0.981593 0.997821 1.01259 1.02584 1.03754 1.04765 1.05616 1.06306 1.06834 1.07202 1.0741 1.0746 1.07354 1.07095 1.06685 1.06127 1.05422 1.04574 1.03584 1.02454 1.01186 0.997817 0.982419 0.965677 0.947598 0.928189 0.907454 0.885397 0.862022 0.837331 0.811327 0.784012 0.755388 0.725459 0.694227 0.661694 0.627866 0.592746 0.556339 0.518651 0.47969 0.439466 0.397992 0.355284 0.311362 0.266253 0.21999
0.628654 0.654328 0.680174 0.70607 0.731884 0.757484 0.782732 0.80749 0.831621 0.854992 0.877474 0.898944 0.919288 0.938403 0.956196 0.972584 0.987498 1.00088 1.0127 1.02291 1.03149 1.03845 1.04378 1.04749 1.04961 1.05015 1.04914 1.04663 1.04263 1.03719 1.03035 1.02212 1.01254 1.00164 0.989449 0.975976 0.961243 0.945265 0.928052 0.909613 0.889956 0.869085 0.847005 0.823719 0.799231 0.773542 0.746656 0.718574 0.689301 0.658838 0.62719 0.594359 0.560349 0.525163 0.488808 0.451288 0.41261 0.372784 0.331823 0.289741 0.246561 0.202308
0.62964 0.655262 0.681004 0.706736 0.732321 0.75762 0.78249 0.806789 0.830377 0.853117 0.874878 0.895538 0.914984 0.933115 0.949841 0.965084 0.978784 0.990891 1.00137 1.0102 1.01737 1.02289 1.02677 1.02904 1.02971 1.02884 1.02645 1.02259 1.01731 1.01065 1.00264 0.993333 0.982758 0.970948 0.957931 0.943729 0.928361 0.911845 0.894191 0.875409 0.855508 0.834491 0.812365 0.789132 0.764797 0.739362 0.712832 0.68521 0.656499 0.626705 0.595831 0.563882 0.530861 0.496773 0.461623 0.425415 0.388155 0.349851 0.31051 0.270147 0.228776 0.186419
0.631074 0.656686 0.682369 0.707985 0.733392 0.758445 0.782995 0.806897 0.830006 0.852183 0.873297 0.893225 0.911855 0.929088 0.944838 0.959033 0.971617 0.98255 0.991804 0.999368 1.00524 1.00945 1.012 1.01293 1.01229 1.01012 1.00648 1.0014 0.994953 0.987178 0.978127 0.967843 0.956366 0.943732 0.929971 0.915107 0.899162 0.882152 0.864089 0.844983 0.824842 0.803672 0.781477 0.758262 0.734032 0.70879 0.682544 0.655297 0.627057 0.597829 0.567619 0.536435 0.504283 0.471167 0.437093 0.402067 0.366095 0.329181 0.291334 0.252562 0.212879 0.172302
0.632886 0.65853 0.684196 0.709742 0.735019 0.759878 0.784164 0.807728 0.830422 0.852105 0.872644 0.891917 0.909812 0.926234 0.941098 0.954341 0.965911 0.975774 0.983913 0.990325 0.995021 0.998025 0.999372 0.999106 0.997277 0.993943 0.989161 0.982992 0.975495 0.966728 0.956742 0.945588 0.933308 0.919939 0.905514 0.890059 0.873595 0.856137 0.837698 0.818289 0.797915 0.776584 0.754301 0.73107 0.706898 0.681791 0.655757 0.628804 0.600941 0.572178 0.542525 0.51199 0.480584 0.448315 0.415189 0.381215 0.346398 0.310744 0.274261 0.236954 0.198835 0.159917
